1 120.065906534842
1.14 117.23183221651
1.28 114.464654300942
1.42 111.762793743908
1.56 109.124708773444
1.7 106.54889401007
1.84 104.033879607768
1.98 101.578230415236
2.12 99.1805451569491
2.26 96.8394556335386
2.4 94.5536259410551
2.54 92.3217517086561
2.68 90.1425593542885
2.82 88.0148053579398
2.96 85.9372755520447
3.1 83.9087844286398
3.24 81.9281744628734
3.38 79.9943154524832
3.52 78.1061038728649
3.66 76.2624622473645
3.8 74.4623385324336
3.94 72.7047055172988
4.08 70.9885602378002
4.22 69.3129234040671
4.36 67.6768388417023
4.5 66.0793729461566
4.64 64.5196141499837
4.78 62.9966724026683
4.92 61.5096786627345
5.06 60.0577844018408
5.2 58.6401611205824
5.34 57.2559998757207
5.48 55.9045108185742
5.62 54.5849227443038
5.76 53.2964826518376
5.9 52.0384553141839
6.04 50.8101228588851
6.18 49.6107843583768
6.32 48.4397554300141
6.46 47.2963678455405
6.6 46.1799691497747
6.74 45.0899222882972
6.88 44.0256052439264
7.02 42.9864106817745
7.16 41.9717456026819
7.3 40.9810310048321
7.44 40.013701553354
7.58 39.0692052577227
7.72 38.1470031567755
7.86 37.2465690111624
8 36.3673890030567
8.14 35.5089614429528
8.28 34.6707964833861
8.42 33.8524158394089
8.56 33.0533525156657
8.7 32.2731505399096
8.84 31.5113647028095
8.98 30.7675603038986
9.12 30.0413129035201
9.26 29.3322080806273
9.4 28.6398411963015
9.54 27.9638171628512
9.68 27.303750218362
9.82 26.6592637065681
9.96 26.0299898619192
10.1 25.4155695997217
10.24 24.8156523112327
10.38 24.2298956635909
10.52 23.65796540447
10.66 23.0995351713435
10.8 22.5542863052507
10.94 22.0219076689601
11.08 21.502095469423
11.22 20.9945530844202
11.36 20.4989908932985
11.5 20.015126111704
11.64 19.5426826302158
11.78 19.0813908567885
11.92 18.6309875629143
12.06 18.1912157334158
12.2 17.7618244197846
12.34 17.3425685969817
12.48 16.9332090236181
12.62 16.5335121054354
12.76 16.1432497620094
12.9 15.7621992965998
13.04 15.3901432690716
13.18 15.0268693718169
13.32 14.6721703086049
13.46 14.325843676292
13.6 13.9876918493232
13.74 13.657521866961
13.88 13.3351453231751
14.02 13.0203782591321
14.16 12.7130410582218
14.3 12.4129583435624
14.44 12.1199588779247
14.58 11.8338754660179
14.72 11.5545448590829
14.86 11.2818076617366
15 11.0155082410163
