1 119.180071710484 120.958318066012
1.14 116.250374150168 118.221569056666
1.28 113.392694735769 115.546740510997
1.42 110.605263109346 112.932431444182
1.56 107.886352432092 110.377272569459
1.7 105.234278314536 107.879925580938
1.84 102.647397773059 105.43908245264
1.98 100.12410821204 103.053464753399
2.12 97.6628464310412 100.721822977266
2.26 95.2620876563893 98.4429358890534
2.4 92.9203445965634 96.2156098846984
2.54 90.6361665208057 94.0386783660916
2.68 88.4081383603806 91.9110011300527
2.82 86.2348798319269 89.8314637711305
2.96 84.1150445823601 87.798977097915
3.1 82.0473193547945 85.8124765625556
3.24 80.0304231749686 83.8709217031871
3.38 78.0631065576706 81.9732955989711
3.52 76.1441507326707 80.1186043374667
3.66 74.2723668896824 78.3058764940531
3.8 72.4465954418834 76.5341626231301
3.94 70.6657053075419 74.8025347608307
4.08 68.9285932093005 73.1100859389849
4.22 67.234182990687 71.4559297100804
4.36 65.581424949425 69.8391996829711
4.5 63.9692951871343 68.2590490690912
4.64 62.3967949750168 66.7146502389357
4.78 60.862950135135 65.2051942885758
4.92 59.3668104368998 63.7298906159827
5.06 57.9074490083947 62.2879665069368
5.2 56.4839617621697 60.8786667303063
5.34 55.0954668351518 59.5012531424823
5.48 53.7411040423222 58.1550043007643
5.62 52.4200343438245 56.8392150854929
5.76 51.1314393251717 55.553196330732
5.9 49.8745206902315 54.2962744633069
6.04 48.648499766674 53.0677911500093
6.18 47.4526170235783 51.867102952785
6.32 46.2861316008952 50.6935809917223
6.46 45.1483208504784 49.5466106156661
6.6 44.0384798883975 48.4255910802847
6.74 42.9559211582559 47.3299352334199
6.88 41.8999740052436 46.2590692075565
7.02 40.8699842606604 45.2124321192501
7.16 39.8653138366528 44.1894757753553
7.3 38.8853403309126 43.1896643859003
7.44 37.9294566410932 42.2124742834586
7.58 36.9970705887045 41.2573936488697
7.72 36.0876045522527 40.3239222431651
7.86 35.2004951093985 39.4115711455606
8 34.3351926879127 38.5198624973755
8.14 33.4911612252103 37.6483292517471
8.28 32.6678778362557 36.7965149290064
8.42 31.8648324896302 35.9639733775904
8.56 31.0815276915634 35.1502685403626
8.7 30.3174781777312 34.3549742262205
8.84 29.5722106126301 33.5776738868722
8.98 28.8452632963418 32.8179603986614
9.12 28.1361858785058 32.0754358493305
9.26 27.4445390793235 31.3497113296072
9.4 26.7698944174204 30.6404067295072
9.54 26.111833944398 29.9471505392452
9.68 25.469949985911 29.269579654651
9.82 24.8438448891095 28.6073391869874
9.96 24.2331307762894 27.9600822770717
10.1 23.6374293045988 27.3274699136024
10.24 23.0563714316512 26.7091707555969
10.38 22.4895971869003 26.1048609588457
10.52 21.9367554486354 25.5142240062945
10.66 21.3975037264578 24.9369505422624
10.8 20.8715079491055 24.3727382104127
10.94 20.3584422574925 23.8212914953882
11.08 19.8579888028369 23.2823215680305
11.22 19.3698375497499 22.7555461341012
11.36 18.893686084167 22.2406892864255
11.5 18.4292394259989 21.7374813603812
11.64 17.9762098463893 21.2456587926581
11.78 17.5343166894642 20.7649639832116
11.92 17.1032861984629 20.2951451603412
12.06 16.6828513461434 19.8359562488206
12.2 16.2727516693564 19.3871567410119
12.34 15.8727331076864 18.948511570896
12.48 15.4825478460589 18.5197909909527
12.62 15.1019541612164 18.1007704518268
12.76 14.7307162719692 17.6912304847168
12.9 14.3686041931266 17.2909565864245
13.04 14.0153935930187 16.8997391070056
13.18 13.6708656545217 16.5173731399618
13.32 13.3348069394979 16.1436584149181
13.46 13.0070092565695 15.7783991927277
13.6 12.6872695321418 15.4214041629506
13.74 12.3753896845974 15.0724863436515
13.88 12.071176501583 14.7314629834651
14.02 11.7744415203124 14.398155465877
14.16 11.4850009108123 14.0723892156705
14.3 11.2026753620379 13.75399360749
14.44 10.927289970788 13.4428018764732
14.58 10.6586741333512 13.1386510309051
14.72 10.3966614398151 12.8413817668488
14.86 10.141089570974 12.5508383847072
15 9.89180019777072 12.266868707673
