5 0.0377
10 0.0133
15 0.0321
20 0.0776
25 0.1663
30 0.2112
35 0.3256
40 0.8935
45 0.5333
50 2.0857
55 1.1144
60 1.4128
65 1.4905
70 2.1419
75 2.4029
80 3.3373
85 3.7994
90 4.7649
95 4.9934
100 5.7835
105 6.3998
110 7.375
115 8.6349
120 9.1643
125 10.7075
130 11.8473
135 16.3712
140 17.141
145 20.1179
150 20.047
155 20.2194
160 21.9358
165 28.1409
170 33.526
175 33.8532
180 32.7912
185 35.848
190 40.438
195 41.633
200 43.2841
205 56.2951
210 49.8048
215 57.7437
220 62.7649
225 72.4522
230 71.4268
235 73.7235
240 85.3775
245 82.0364
250 89.6233
