-1 0 0
-0.995991983967936 0.00141717555314864 0.00133232927507798
-0.991983967935872 0.00283678131698412 0.00267123384781165
-0.987975951903808 0.00425814485208575 0.00401593827983304
-0.983967935871743 0.00568058266631193 0.00536565784873799
-0.979959919839679 0.00710340046123185 0.00671959879132888
-0.975951903807615 0.00852589338839541 0.00807695855573587
-0.971943887775551 0.00994734631540238 0.00943692606239876
-0.967935871743487 0.0113670341017249 0.0107986819739154
-0.963927855711423 0.0127842218842304 0.0121613989737337
-0.959919839679359 0.0141981653723451 0.0135242420536681
-0.955911823647295 0.0156081111527913 0.0148863688102188
-0.95190380761523 0.017013297003824 0.0162469297496444
-0.947895791583166 0.0184129522188864 0.0176050686017604
-0.943887775551102 0.019806297939596 0.0189599226424042
-0.939879759519038 0.0211925474979651 0.0203106230245127
-0.935871743486974 0.0225709067677545 0.0216562951177495
-0.93186372745491 0.0239405745248497 0.0229960588566047
-0.927855711422846 0.0253007428165432 0.0243290290968936
-0.923847695390782 0.0266505973395984 0.0256543159805636
-0.919839679358717 0.0279893178269652 0.0269710253087101
-0.915831663326653 0.0293160784430064 0.0282782589227064
-0.911823647294589 0.0306300481870924 0.029575115093333
-0.907815631262525 0.0319303913054086 0.0308606889177798
-0.903807615230461 0.0332162677108184 0.0321340727244062
-0.899799599198397 0.0344868334106121 0.0333943564851131
-0.895791583166333 0.035741240941971 0.034640628235195
-0.891783567134269 0.0369786398149621 0.0358719745005032
-0.887775551102204 0.0381981769628792 0.0370874807317778
-0.88376753507014 0.0393989971997325 0.0382862317459698
-0.879759519038076 0.0405802436846873 0.0394673121743776
-0.875751503006012 0.0417410583932413 0.0406298069174196
-0.871743486973948 0.0428805825949279 0.0417728016058412
-0.867735470941884 0.0439979573373207 0.0428953830681635
-0.86372745490982 0.0450923239361134 0.0439966398041549
-0.859719438877755 0.0461628244710388 0.0450756624641175
-0.855711422845691 0.0472086022873854 0.0461315443337582
-0.851703406813627 0.0482288025028652 0.0471633818244068
-0.847695390781563 0.0492225725195784 0.0481702749683477
-0.843687374749499 0.0501890625408138 0.0491513279190119
-0.839679358717435 0.051127426092422 0.0501056494557628
-0.835671342685371 0.0520368205484859 0.0510323534930277
-0.831663326653307 0.0529164076610146 0.0519305595934878
-0.827655310621243 0.0537653540933744 0.0527993934850497
-0.823647294589178 0.0545828319571714 0.0536379875813113
-0.819639278557114 0.0553680193522887 0.0544454815052258
-0.81563126252505 0.0561201009097815 0.0552210226156611
-0.811623246492986 0.0568382683373243 0.055963766536542
-0.807615230460922 0.0575217209669014 0.0566728776882612
-0.803607214428858 0.0581696663044277 0.0573475298210335
-0.799599198396794 0.0587813205809803 0.0579869065498597
-0.795591182364729 0.0593559093053178 0.0585902018907711
-0.791583166332665 0.059892667817361 0.059156620798001
-0.787575150300601 0.0603908418423041 0.0596853797017403
-0.783567134268537 0.0608496880450188 0.0601757070461197
-0.779559118236473 0.0612684745844166 0.0606268438270561
-0.775551102204409 0.0616464816674222 0.0610380441295981
-0.771543086172345 0.0620282139841952 0.0614085756643983
-0.767535070140281 0.0623269568100315 0.0617377203029346
-0.763527054108216 0.0625831759071424 0.0620247746110958
-0.759519038076152 0.0627962237572447 0.0622690503807528
-0.755511022044088 0.0629654681994578 0.0624698751589197
-0.751503006012024 0.0630902929666786 0.062626592774105
-0.74749498997996 0.063170098217553 0.062738563859466
-0.743486973947896 0.0632043010636345 0.0628051663723586
-0.739478957915832 0.0631923360913222 0.062825796109871
-0.735470941883767 0.0631336558781672 0.06279986721995
-0.731462925851703 0.0630277315031384 0.0627268127076922
-0.727454909819639 0.062874053050437 0.0626060849363979
-0.723446893787575 0.0626721301064532 0.0624371561229735
-0.719438877755511 0.0624214922494553 0.0622195188272598
-0.715430861723447 0.0621216895316057 0.0619526864348763
-0.711422845691383 0.0617722929528992 0.0616361936331619
-0.707414829659319 0.0613728949266198 0.0612695968797869
-0.703406813627255 0.060923109735917 0.0608524748636308
-0.69939879759519 0.0604225739811016 0.0603844289574966
-0.695390781563126 0.0598709470172678 0.0598650836622472
-0.691382765531062 0.0592679113818495 0.0592940870419525
-0.687374749498998 0.0586131732117216 0.0586711111496194
-0.683366733466934 0.0579064626494635 0.0579958524431095
-0.67935871743487 0.0571475342384045 0.0572680321908132
-0.675350701402806 0.0563361673060759 0.0564873968666875
-0.671342685370741 0.0554721663356984 0.0556537185342409
-0.667334669338677 0.0545553613253426 0.0547667952190704
-0.663326653306613 0.0535856081343995 0.0538264512695447
-0.659318637274549 0.0525627888170108 0.0528325377052453
-0.655310621242485 0.0514868119421094 0.0517849325527678
-0.651302605210421 0.0503576128997318 0.0506835411685086
-0.647294589178357 0.0491751541932653 0.0495282965480458
-0.643286573146293 0.0479394257173079 0.0483191596217433
-0.639278557114229 0.0466504450208175 0.0470561195362191
-0.635270541082164 0.0453082575552429 0.045739193921299
-0.6312625250501 0.0439129369073315 0.0443684291421176
-0.627254509018036 0.0424645850163195 0.042943900536009
-0.623246492985972 0.0409633323752201 0.0414657126338501
-0.619238476953908 0.0394093382159312 0.0399339993655281
-0.615230460921844 0.037802790677897 0.0383489242492029
-0.61122244488978 0.0361439069600646 0.0367106805640595
-0.607214428857715 0.0344329334558882 0.0350194915062344
-0.603206412825651 0.0326701458711439 0.0332756103276327
-0.599198396793587 0.0308558493243267 0.0314793204573419
-0.595190380761523 0.0289903784294145 0.0296309356053713
-0.591182364729459 0.0270990059597916 0.0277307998484576
-0.587174348697395 0.0251336483331127 0.025779287697676
-0.583166332665331 0.0231183553565663 0.0237768041476213
-0.579158316633267 0.0210535819316794 0.0217237847069325
-0.575150300601202 0.0189398126338636 0.0196206954099348
-0.571142284569138 0.0167775616855205 0.0174680328092066
-0.567134268537074 0.0145673729103018 0.015266323948873
-0.56312625250501 0.0123098196684005 0.0130161263184452
-0.559118236472946 0.0100055047727638 0.0107180277870536
-0.555110220440882 0.0076550603861311 0.00837264651790992
-0.551102204408818 0.00525914789881237 0.00598063086286948
-0.547094188376753 0.00281845778713787 0.00354265923697195
-0.543086172344689 0.000333709452521355 0.0010594399728483
-0.539078156312625 -0.00219434895890674 -0.00146828884509198
-0.535070140280561 -0.0047649407561251 -0.00403975956677871
-0.531062124248497 -0.00737726092252341 -0.00665417518295497
-0.527054108216433 -0.0100304763546807 -0.0093107095520667
-0.523046092184369 -0.0127237261206092 -0.0120085076475879
-0.519038076152305 -0.0154561217374375 -0.0147466858257992
-0.51503006012024 -0.0182267474684903 -0.0175243321140217
-0.511022044088176 -0.0210346606397135 -0.0203405065192789
-0.507014028056112 -0.0238788919753718 -0.0231942413573658
-0.503006012024048 -0.0267584459529373 -0.0260845416022588
-0.498997995991984 -0.0296723011770698 -0.0290103852558117
-0.49498997995992 -0.0326194107725771 -0.0319707237376415
-0.490981963927856 -0.0355987027962268 -0.0349644822951133
-0.486973947895792 -0.0386090806672684 -0.0379905604332951
-0.482965931863727 -0.0416494236165103 -0.0410478323647534
-0.478957915831663 -0.0447185871537793 -0.0441351474790352
-0.474949899799599 -0.0478154035535778 -0.0472513308316633
-0.470941883767535 -0.0509386823587401 -0.0503951836524619
-0.466933867735471 -0.054087210901872 -0.0535654838730015
-0.462925851703407 -0.0572597548443462 -0.0567609866729529
-0.458917835671343 -0.0604550587326108 -0.0599804250450948
-0.454909819639279 -0.0636699843039745 -0.0632225103787359
-0.450901803607214 -0.0669100751192229 -0.0664859330612702
-0.44689378757515 -0.0701692883901286 -0.0697693630975711
-0.442885771543086 -0.0734463008454225 -0.0730714507469327
-0.438877755511022 -0.0767397713218851 -0.0763908271772209
-0.434869739478958 -0.0800483414115037 -0.0797261051358997
-0.430861723446894 -0.0833706361232936 -0.0830758796375854
-0.42685370741483 -0.0867052645594232 -0.0864387286677367
-0.422845691382766 -0.0900508206052701 -0.0898132139021185
-0.418837675350701 -0.0934058836330201 -0.0931978814416132
-0.414829659318637 -0.096769019218412 -0.0965912625619754
-0.410821643286573 -0.10013877987022 -0.0999918744780893
-0.406813627254509 -0.103513705772048 -0.10339822112228
-0.402805611222445 -0.106892325536009 -0.106808793936216
-0.398797595190381 -0.110273156967839 -0.110222072675929
-0.394789579158317 -0.113654707843 -0.113636526229451
-0.390781563126253 -0.117035476693293 -0.117050613446561
-0.386773547094188 -0.120413953603526 -0.120462783980143
-0.382765531062124 -0.123788621017734 -0.12387147913859
-0.37875751503006 -0.127157954554466 -0.127275132748742
-0.374749498997996 -0.130520423830634 -0.130672172028775
-0.370741482965932 -0.133874493293411 -0.134061018470493
-0.366733466933868 -0.137218623059663 -0.137440088730423
-0.362725450901804 -0.140551269762373 -0.14080779552914
-0.35871743486974 -0.143870887403539 -0.144162548558211
-0.354709418837675 -0.147175928212988 -0.147502755394147
-0.350701402805611 -0.150476575737161 -0.150826822418749
-0.346693386773547 -0.153748386420063 -0.154133155745198
-0.342685370741483 -0.157000991128019 -0.157420162149287
-0.338677354709419 -0.160232843664734 -0.160686250005107
-0.334669338677355 -0.163442400398712 -0.163929830224565
-0.330661322645291 -0.171502833332516 -0.167149317200059
-0.326653306613227 -0.174659505363975 -0.170343129749636
-0.322645290581162 -0.177782788135031 -0.173509692063988
-0.318637274549098 -0.180870849789332 -0.176647434654568
-0.314629258517034 -0.183921859441015 -0.179754795302182
-0.31062124248497 -0.182145631215874 -0.182830220005342
-0.306613226452906 -0.185156296568535 -0.185872163927705
-0.302605210420842 -0.188132515436488 -0.1888790923439
-0.298597194388778 -0.191072807047435 -0.191849481583049
-0.294589178356713 -0.193975702025245 -0.19478181996928
-0.290581162324649 -0.196839743264196 -0.197674608758545
-0.286573146292585 -0.199663486799197 -0.200526363071032
-0.282565130260521 -0.202445502671399 -0.203335612818484
-0.278557114228457 -0.20518437578858 -0.206100903625719
-0.274549098196393 -0.20787870677973 -0.208820797745659
-0.270541082164329 -0.210527112843208 -0.211493874967177
-0.266533066132265 -0.213128228587914 -0.214118733515069
-0.2625250501002 -0.215666406080463 -0.216693990941458
-0.258517034068136 -0.218168495454694 -0.219218285007956
-0.254509018036072 -0.220619300978055 -0.221690274557901
-0.250501002004008 -0.223017534970062 -0.224108640377996
-0.246492985971944 -0.225361931238862 -0.226472086048677
-0.24248496993988 -0.2276619577899 -0.22877933878256
-0.238476953907816 -0.229895700007073 -0.231029150250306
-0.234468937875752 -0.232071971080734 -0.233220297393255
-0.230460921843687 -0.234189599133904 -0.235351583222204
-0.226452905811623 -0.236247437594333 -0.237421837601684
-0.222444889779559 -0.238244365920006 -0.239429918019128
-0.218436873747495 -0.24017929031085 -0.241374710338321
-0.214428857715431 -0.24205114440616 -0.243255129536524
-0.210420841683367 -0.243858889967201 -0.245070120424703
-0.206412825651303 -0.245601517544512 -0.246818658350269
-0.202404809619239 -0.247278047129396 -0.248499749881774
-0.198396793587174 -0.248887528789137 -0.250112433475029
-0.19438877755511 -0.250429043285455 -0.251655780120076
-0.190380761523046 -0.251901702675752 -0.25312889396852
-0.186372745490982 -0.253304650896692 -0.254530912940709
-0.182364729458918 -0.254637064329678 -0.255861009312252
-0.178356713426854 -0.255898152347812 -0.257118390279426
-0.17434869739479 -0.257087157843909 -0.258302298502987
-0.170340681362726 -0.258203357739174 -0.259412012629955
-0.166332665330661 -0.259246063472153 -0.260446847792942
-0.162324649298597 -0.260214621467593 -0.261406156086616
-0.158316633266533 -0.261108413584828 -0.262289327020898
-0.154308617234469 -0.261926857545372 -0.263095787950538
-0.150300601202405 -0.262669407339373 -0.263825004480688
-0.146292585170341 -0.263335553610604 -0.264476480848165
-0.142284569138277 -0.263924824019713 -0.265049760278059
-0.138276553106212 -0.264436783585416 -0.265544425315411
-0.134268537074148 -0.264871035003383 -0.265960098131664
-0.130260521042084 -0.265227218942546 -0.26629644080564
-0.12625250501002 -0.265505014318606 -0.266553155578807
-0.122244488977956 -0.265704138544492 -0.266729985084607
-0.118236472945892 -0.265824347757585 -0.266826712551659
-0.114228456913828 -0.265865437023503 -0.266843161980662
-0.110220440881764 -0.265827240516276 -0.266779198294832
-0.1062124248497 -0.265709631674754 -0.266634727463759
-0.102204408817635 -0.265512523335105 -0.266409696600548
-0.0981963927855712 -0.265235867839277 -0.266104094032184
-0.0941883767535071 -0.264879657119327 -0.26571794934302
-0.090180360721443 -0.264443922757508 -0.265251333391374
-0.0861723446893788 -0.263928736022062 -0.264704358299179
-0.0821643286573147 -0.263334207878656 -0.264077177414713
-0.0781563126252506 -0.26266048897742 -0.2633699852484
-0.0741482965931864 -0.261907769615571 -0.26258301738175
-0.0701402805611223 -0.26107627967562 -0.261716550349473
-0.0661322645290582 -0.260166288539185 -0.260770901494874
-0.0621242484969941 -0.259178104976425 -0.259746428798625
-0.0581162324649299 -0.258112077011167 -0.258643530681041
-0.0541082164328658 -0.256968591761781 -0.257462645778004
-0.0501002004008017 -0.25574807525789 -0.256204252690727
-0.0460921843687375 -0.254450992233026 -0.254868869709518
-0.0420841683366734 -0.253077845893342 -0.253457054511776
-0.0380761523046093 -0.251629177662532 -0.251969403834459
-0.0340681362725451 -0.2501055669031 -0.250406553121246
-0.030060120240481 -0.248507630614162 -0.248769176144705
-0.0260521042084169 -0.246836023105963 -0.247057984603733
-0.0220440881763528 -0.245091435651319 -0.245273727696594
-0.0180360721442887 -0.243274596114215 -0.243417191669881
-0.0140280561122246 -0.241386268555779 -0.241489199343764
-0.0100200400801604 -0.239427252817914 -0.239490609613881
-0.00601202404809631 -0.237365071432964 -0.237422316930276
-0.00200400801603218 -0.235269465981738 -0.235285250753769
0.00200400801603196 -0.23310590877342 -0.233080374990216
0.00601202404809609 -0.230875340394305 -0.230808687403064
0.0100200400801602 -0.22857873473974 -0.228471219004683
0.0140280561122244 -0.226217098465587 -0.226069033426949
0.0180360721442885 -0.223791470419525 -0.223603226271552
0.0220440881763526 -0.221302921052583 -0.221074924440555
0.0260521042084167 -0.218752551811304 -0.218485285447713
0.0300601202404809 -0.216141494510942 -0.215835496711088
0.034068136272545 -0.213470910690132 -0.213126774827521
0.0380761523046091 -0.21074199094746 -0.210360364829499
0.0420841683366733 -0.207955954260397 -0.207537539425025
0.0460921843687374 -0.205114047287045 -0.204659598221048
0.0501002004008015 -0.202217543651197 -0.201727866931074
0.0541082164328657 -0.199254676268445 -0.198743696567558
0.0581162324649298 -0.196253938793261 -0.195708462619698
0.0621242484969939 -0.193179194550674 -0.192623564217273
0.0661322645290581 -0.190074041019239 -0.189490423281147
0.0701402805611222 -0.186920936793175 -0.186310483661107
0.0741482965931863 -0.183721302113215 -0.18308521026168
0.0781563126252505 -0.180476578909156 -0.179816088156599
0.0821643286573146 -0.177188229973946 -0.176504621692592
0.0861723446893787 -0.173857738125801 -0.173152333583163
0.0901803607214429 -0.170486605358911 -0.169760763993062
0.094188376753507 -0.16707635198332 -0.166331469614124
0.0981963927855711 -0.163628515754576 -0.162866022733172
0.102204408817635 -0.160144650993728 -0.159366010292683
0.106212424849699 -0.156626327698288 -0.155833032944916
0.110220440881764 -0.153075130644745 -0.152268704100207
0.114228456913828 -0.149492658483262 -0.14867464897013
0.118236472945892 -0.145880522825155 -0.145052503606238
0.122244488977956 -0.142240347323783 -0.141403913935087
0.12625250501002 -0.138573766749473 -0.137730534790242
0.130260521042084 -0.134882426059103 -0.13403402894199
0.134268537074148 -0.131175403850096 -0.130316066125435
0.138276553106212 -0.127439670504272 -0.126578322067717
0.142284569138276 -0.123684164825707 -0.122822477515014
0.14629258517034 -0.119910563073821 -0.119050217260055
0.150300601202405 -0.116112747948291 -0.115263229170816
0.154308617234469 -0.11230776956714 -0.111463203221109
0.158316633266533 -0.108489752529241 -0.107651830523723
0.162324649298597 -0.104660389513606 -0.103830802366824
0.166332665330661 -0.100821374880335 -0.100001809254252
0.170340681362725 -0.0969744037216093 -0.0961665399504221
0.174348697394789 -0.0931211709143192 -0.092326680530444
0.178356713426854 -0.0892633701749605 -0.0884839134361502
0.182364729458918 -0.0854026931174288 -0.0846399165386477
0.186372745490982 -0.0815408283143317 -0.0807963622080408
0.190380761523046 -0.077679460362439 -0.0769549163909456
0.19438877755511 -0.0730245212319546 -0.0731172376964087
0.198396793587174 -0.0693471639036097 -0.0692849764908405
0.202404809619238 -0.0656815550197301 -0.0654597740025477
0.206412825651302 -0.0622724579344388 -0.0616432614364585
0.210420841683367 -0.0584386392673419 -0.0578370590995985
0.214428857715431 -0.0546152898800721 -0.0540427755378868
0.218436873747495 -0.0508040408466201 -0.0502620066847937
0.222444889779559 -0.0470136283254895 -0.0464963350223914
0.226452905811623 -0.0432316352879353 -0.0427473287553195
0.230460921843687 -0.0394665687627347 -0.0390165409981763
0.234468937875751 -0.0357200097434318 -0.0353055089768171
0.238476953907816 -0.0319935245730825 -0.031615753244048
0.24248496993988 -0.0282886641172225 -0.0279487769101724
0.246492985971944 -0.0246069629489818 -0.0243060648888415
0.250501002004008 -0.0209499385468499 -0.0206890831586402
0.254509018036072 -0.0173102849710662 -0.0170992780408246
0.258517034068136 -0.0137067343078577 -0.0135380754936168
0.2625250501002 -0.0101322978304438 -0.0100068804234408
0.266533066132264 -0.00658841703931015 -0.00650707601346395
0.270541082164329 -0.00307651254349017 -0.00304002306980949
0.274549098196393 0.000402016655684068 0.000392940614238446
0.278557114228457 0.00384579386495298 0.00379050087570582
0.282565130260521 0.00725346538320645 0.00715136778077935
0.286573146292585 0.0106237011688708 0.0104742762047466
0.290581162324649 0.0139551954902165 0.013757986392762
0.294589178356713 0.0172466675582178 0.0170012845011817
0.298597194388778 0.0204968621416022 0.0202029831192396
0.302605210420842 0.0237045501637506 0.0233619217708404
0.306613226452906 0.0268685292811131 0.0264769673962741
0.31062124248497 0.0299876244428291 0.029547014813674
0.314629258517034 0.0330606884312505 0.0325709871600457
0.318637274549098 0.0360866023830822 0.0355478363117248
0.322645290581162 0.039064276290869 0.0384765432841353
0.326653306613226 0.0419926494845761 0.0413561186107296
0.330661322645291 0.0448789057630786 0.0441856027010222
0.334669338677354 0.0477057493116594 0.0469640661776367
0.338677354709419 0.0455970955016755 0.0496906101923051
0.342685370741483 0.0483193081668679 0.0523643667207712
0.346693386773547 0.0509889560154063 0.0549844988365831
0.350701402805611 0.0536052012173787 0.0575502009637512
0.354709418837675 0.0561672384561567 0.0600606991082884
0.358717434869739 0.0586742952412816 0.062515251068648
0.362725450901803 0.0611256321997445 0.0649131466251038
0.366733466933868 0.0635205433455597 0.0672537077081273
0.370741482965932 0.0658583563275535 0.0695362885458256
0.374749498997996 0.0729532752536734 0.0717602757905392
0.37875751503006 0.0751584707885502 0.0739250886246887
0.382765531062124 0.0773028191848906 0.0760301788459987
0.386773547094188 0.0793857435074055 0.0780750309322217
0.390781563126252 0.0814067010089432 0.0800591620855149
0.394789579158316 0.0833651832498869 0.0819821222566279
0.398797595190381 0.0852607161957574 0.0838434941490765
0.402805611222445 0.0870928602930681 0.0856428932034899
0.406813627254509 0.0888612105234946 0.0873799675623382
0.410821643286573 0.0905653964364345 0.0890543980152469
0.414829659318637 0.0922050821600499 0.0906658979251365
0.418837675350701 0.0937902416993246 0.092214213135416
0.422845691382765 0.0954051879054762 0.0936991218584917
0.42685370741483 0.0968385488150832 0.0951204345458524
0.430861723446894 0.098206037740609 0.0964779937400013
0.434869739478958 0.0995074875769117 0.0977716739085299
0.438877755511022 0.100742765538829 0.0990013812606225
0.442885771543086 0.101911773029737 0.100167053546302
0.44689378757515 0.10301444548987 0.101268659838735
0.450901803607214 0.104044931118082 0.102306200299918
0.454909819639278 0.105014615684973 0.103279705930084
0.458917835671343 0.105926487130276 0.104189238301171
0.462925851703407 0.106779395868034 0.105034889274709
0.466933867735471 0.107566570935385 0.105816780704473
0.470941883767535 0.108288149671477 0.106535064124292
0.474949899799599 0.108944301659281 0.107189920421358
0.478957915831663 0.109535228416402 0.107781559495446
0.482965931863727 0.110061163068114 0.108310219904411
0.486973947895792 0.11052237000293 0.108776168496366
0.490981963927856 0.110919144511067 0.109179700028933
0.49498997995992 0.111251812406142 0.109521136775974
0.498997995991984 0.111534090883454 0.10980082812221
0.503006012024048 0.111739395583011 0.110019150146137
0.507014028056112 0.111881737458819 0.110176505191657
0.511022044088176 0.11196156011257 0.110273321428839
0.51503006012024 0.111979335540911 0.110310052404241
0.519038076152305 0.111935563664622 0.110287176581211
0.523046092184369 0.111830771843771 0.110205196870582
0.527054108216433 0.11166551437924 0.110064640152219
0.531062124248497 0.11144037200108 0.109866056787819
0.535070140280561 0.111155951344106 0.109610020125407
0.539078156312625 0.110812884411189 0.109297125995957
0.543086172344689 0.110411828024686 0.108927992202574
0.547094188376753 0.109953463266467 0.108503258002661
0.551102204408817 0.109438494906988 0.108023583583501
0.555110220440882 0.108867650823885 0.107489649531695
0.559118236472946 0.108241681410548 0.106902156296873
0.56312625250501 0.107561358975147 0.106261823650106
0.567134268537074 0.106827477130596 0.105569390137454
0.571142284569138 0.106040850175917 0.104825612529056
0.575150300601202 0.105202312469495 0.104031265264203
0.579158316633266 0.104312717794711 0.103187139892789
0.58316633266533 0.103372938718425 0.102294044513573
0.587174348697395 0.102383865942816 0.10135280320965
0.591182364729459 0.101346407651045 0.100364255481543
0.595190380761523 0.100261488847251 0.0993292556783207
0.599198396793587 0.0991300506913513 0.0982486724271339
0.603206412825651 0.097953049829155 0.097123388061565
0.607214428857715 0.0967089726453981 0.0959542980491821
0.611222444889779 0.0954428305577704 0.0947423104186862
0.615230460921844 0.0941340808113029 0.0934883451870139
0.619238476953908 0.0927837359389782 0.0921933337867824
0.623246492985972 0.0913928205680505 0.0908582184944424
0.627254509018036 0.0899623707316951 0.0894839518594912
0.6312625250501 0.0884934331793436 0.0880714961351068
0.635270541082164 0.0869870646861794 0.0866218227105513
0.639278557114228 0.0854443313622723 0.0851359115456818
0.643286573146292 0.0838663079618167 0.0836147506079052
0.647294589178357 0.0825460224401101 0.0820593353119035
0.651302605210421 0.080935003409135 0.0804706679624512
0.655310621242485 0.079292397853603 0.0788497572006361
0.659318637274549 0.077619291597497 0.0771976174537887
0.663326653306613 0.0759167751130527 0.0755152683894234
0.667334669338677 0.0741859428466975 0.0738037343734739
0.671342685370741 0.0719237983959782 0.0720640439331126
0.675350701402806 0.0701029557555702 0.0702972292244211
0.67935871743487 0.0682696507018954 0.0685043255051869
0.683366733466934 0.0664002282428129 0.0666863706130798
0.687374749498998 0.0645077308864097 0.0648444044494572
0.691382765531062 0.0625932838993165 0.0629794684690439
0.695390781563126 0.0606580124200521 0.0610926051757188
0.69939879759519 0.0587030408162663 0.0591848576246341
0.703406813627254 0.0567294920485036 0.0572572689308857
0.707414829659319 0.0547384870408661 0.0553108817849379
0.711422845691383 0.0527311440589326 0.0533467379750123
0.715430861723447 0.0507085780952951 0.0513658779166226
0.719438877755511 0.0486719002630539 0.0493693401894482
0.723446893787575 0.0466195772286854 0.047358161081714
0.727454909819639 0.044559180306474 0.045333374142247
0.731462925851703 0.0424879989048062 0.0432960097403674
0.735470941883767 0.0404071223774381 0.0412470946337646
0.739478957915832 0.038317633276399 0.0391876515444962
0.743486973947896 0.0362206067999883 0.0371186987432461
0.74749498997996 0.0341171102509155 0.0350412496419705
0.751503006012024 0.101948920344952 0.0329563123950347
0.755511022044088 0.0298949334896397 0.0308648895089685
0.759519038076152 0.0277783436754619 0.0287679774609233
0.763527054108216 0.0256594635761184 0.0266665663259331
0.76753507014028 0.0235393132617333 0.0245616394130621
0.771543086172344 0.0214189018830534 0.0224541729105097
0.775551102204409 0.0192992272075654 0.0203451355397533
0.779559118236473 0.0171812751676262 0.0182354882187759
0.783567134268537 0.0150660194207922 0.0161261837344455
0.787575150300601 0.012954420922523 0.0140181664240768
0.791583166332665 0.010847427511426 0.0119123718662357
0.795591182364729 0.0087459735071922 0.00980972658079216
0.799599198396793 0.00665097932137076 0.00771114773826409
0.803607214428858 0.00456335108111033 0.00561754287846772
0.807615230460922 0.00248398026599128 0.00352980963847305
0.811623246492986 0.000413743358058383 0.00144883548988028
0.81563126252505 -0.00164649849484733 -0.000624502514591896
0.819639278557114 -0.00369589980236668 -0.00268933798521176
0.823647294589178 -0.00573363104143393 -0.00474481543005445
0.827655310621242 -0.00775887895255378 -0.0067900904805609
0.831663326653306 -0.00980712309346532 -0.00882433010784811
0.835671342685371 -0.0118066676693326 -0.010846712829826
0.839679358717435 -0.0137913963413692 -0.0128564289091484
0.843687374749499 -0.0157605627294471 -0.0148526805420457
0.847695390781563 -0.0177134379782261 -0.0168346820380905
0.851703406813627 -0.0196493109718221 -0.0188016599909533
0.855711422845691 -0.0215674885347775 -0.0207528534402117
0.859719438877755 -0.0234672956193523 -0.0226875140242735
0.86372745490982 -0.0253480754791567 -0.0246049061244908
0.867735470941884 -0.0272091898291644 -0.0265043070005435
0.871743486973948 -0.029050018992149 -0.0283850069171585
0.875751503006012 -0.030869962031597 -0.0302463092622676
0.879759519038076 -0.0326684368711623 -0.0320875306566863
0.88376753507014 -0.0344448804007342 -0.0339080010553978
0.887775551102204 -0.0361987485692013 -0.0357070638405532
0.891783567134268 -0.0379295164639994 -0.0374840759062818
0.895791583166333 -0.039636678377546 -0.0392384077354133
0.899799599198397 -0.0413197478606667 -0.040969443468226
0.903807615230461 -0.0429782577631311 -0.0426765809633276
0.907815631262525 -0.0446117602614207 -0.0443592318507853
0.911823647294589 -0.0462198268738638 -0.0460168215776173
0.915831663326653 -0.0478020484632743 -0.0476487894457707
0.919839679358717 -0.0493580352272451 -0.0492545886427078
0.923847695390781 -0.0508874166762482 -0.0508336862647232
0.927855711422846 -0.0523898415997066 -0.0523855633331167
0.93186372745491 -0.0538649780202038 -0.0539097148033614
0.935871743486974 -0.0553125131360112 -0.0554056495673796
0.939879759519038 -0.0567321532521104 -0.0568728904490856
0.943887775551102 -0.0581236236999048 -0.0583109741933028
0.947895791583166 -0.059486668745811 -0.059719451448212
0.95190380761523 -0.0608210514889323 -0.0610978867414615
0.955911823647294 -0.0414426930556873 -0.0624458584500704
0.959919839679358 -0.0412708945398841 -0.0637629587642814
0.963927855711423 -0.0646501369358617 -0.0650487936454918
0.967935871743487 -0.065867873937338 -0.0663029827784083
0.971943887775551 -0.06705604230264 -0.0675251595175705
0.975951903807615 -0.0682145153934099 -0.068714970828385
0.979959919839679 -0.0693431843999805 -0.0698720772228099
0.983967935871743 -0.0704419581595604 -0.070996152689845
0.987975951903807 -0.071510762965533 -0.0720868846209637
0.991983967935872 -0.0725495423681163 -0.0731439737306292
0.995991983967936 -0.0735582569666348 -0.0741671339720489
1 -0.0745368841936541 -0.075156092448303
