-1 0.192497730304415 0.457043184220895
-0.995991983967936 0.151339841778785 0.409363306020808
-0.991983967935872 0.109479446859554 0.361090857915466
-0.987975951903808 0.0669316132997553 0.312240430164942
-0.983967935871743 0.0237120624150278 0.262827164898578
-0.979959919839679 -0.0201628332699587 0.212866756439859
-0.975951903807615 -0.0646760528942549 0.162375451230937
-0.971943887775551 -0.109809930656778 0.111370047348594
-0.967935871743487 -0.155546159739677 0.0598678936036694
-0.963927855711423 -0.20186579676239 0.0078868882161589
-0.959919839679359 -0.248749266769414 -0.0445545229415321
-0.955911823647295 -0.296176368754389 -0.0974373485404825
-0.95190380761523 -0.344126281722731 -0.150742054437294
-0.947895791583166 -0.392577571294527 -0.204448566769056
-0.943887775551102 -0.441508196849067 -0.258536275507676
-0.939879759519038 -0.490895519211879 -0.312984038479729
-0.935871743486974 -0.540716308884683 -0.367770185857698
-0.93186372745491 -0.590946754818302 -0.422872525128092
-0.927855711422846 -0.641562473727972 -0.478268346541644
-0.923847695390782 -0.69253851995019 -0.533934429050409
-0.919839679358717 -0.74384939583962 -0.589847046736211
-0.915831663326653 -0.795469062704224 -0.645981975734547
-0.911823647294589 -0.847370952276208 -0.702314501657622
-0.907815631262525 -0.899527978715972 -0.758819427519811
-0.903807615230461 -0.951912551145726 -0.815471082168461
-0.899799599198397 -1.00449658670897 -0.872243329222433
-0.895791583166333 -1.05725152415147 -0.929109576520459
-0.891783567134269 -1.1101483379191 -0.986042786080856
-0.887775551102204 -1.16315755276706 -1.04301548457371
-0.88376753507014 -1.21624925887482 -1.09999977430625
-0.879759519038076 -1.26939312746057 -1.15696734472141
-0.875751503006012 -1.32255842688829 -1.21388948440952
-0.871743486973948 -1.37571403926025 -1.27073709363207
-0.867735470941884 -1.42882847748726 -1.32748069735635
-0.86372745490982 -1.48186990282836 -1.38409045879917
-0.859719438877755 -1.53480614289127 -1.44053619347712
-0.855711422845691 -1.58760471008441 -1.49678738376078
-0.851703406813627 -1.64023282051084 -1.55281319392913
-0.847695390781563 -1.69265741329388 -1.60858248572046
-0.843687374749499 -1.74484517032391 -1.66406383437511
-0.839679358717435 -1.79676253641513 -1.71922554516502
-0.835671342685371 -1.84837573986079 -1.77403567040445
-0.831663326653307 -1.89965081337491 -1.8284620269357
-0.827655310621243 -1.95055361540793 -1.88247221408298
-0.823647294589178 -2.00104985182342 -1.93603363206723
-0.819639278557114 -2.05110509792252 -1.98911350087379
-0.81563126252505 -2.1006848208023 -2.04167887956465
-0.811623246492986 -2.14975440203384 -2.09369668602597
-0.807615230460922 -2.19827916064538 -2.1451337171414
-0.803607214428858 -2.24622437639555 -2.19595666938095
-0.799599198396794 -2.29355531332126 -2.24613215979443
-0.795591182364729 -2.34023724354441 -2.29562674739831
-0.791583166332665 -2.38623547132116 -2.34440695494387
-0.787575150300601 -2.4315153573174 -2.39243929105414
-0.783567134268537 -2.47604234309328 -2.43969027271657
-0.779559118236473 -2.51978197577972 -2.48612644811767
-0.775551102204409 -2.56269993292919 -2.53171441980543
-0.771543086172345 -2.60476204752295 -2.57642086816474
-0.767535070140281 -2.64593433311646 -2.62021257519041
-0.763527054108216 -2.68618300910447 -2.66305644854198
-0.759519038076152 -2.72547452608707 -2.70491954586374
-0.755511022044088 -2.76377559131757 -2.74576909935329
-0.751503006012024 -2.80105319421291 -2.78557254056079
-0.74749498997996 -2.8372746319071 -2.82429752540135
-0.743486973947896 -2.87240753482795 -2.86191195936166
-0.739478957915832 -2.90641989227704 -2.8983840228823
-0.735470941883767 -2.93928007799283 -2.93368219689596
-0.731462925851703 -2.97095687567661 -2.96777528850192
-0.727454909819639 -3.0014195044607 -3.00063245675639
-0.723446893787575 -3.03063764429843 -3.0322232385578
-0.719438877755511 -3.05858146125494 -3.06251757460613
-0.715430861723447 -3.08522163267818 -3.09148583541445
-0.711422845691383 -3.11052937222896 -3.11909884735086
-0.707414829659319 -3.13447645474916 -3.14532791868838
-0.703406813627255 -3.15703524094697 -3.17014486564031
-0.69939879759519 -3.1781787018781 -3.1935220383578
-0.695390781563126 -3.19788044320176 -3.21543234686651
-0.691382765531062 -3.21611472919044 -3.23584928691874
-0.687374749498998 -3.23285650647219 -3.25474696573705
-0.683366733466934 -3.24808142748454 -3.27210012762543
-0.67935871743487 -3.26176587361892 -3.28788417942349
-0.675350701402806 -3.27388697803476 -3.30207521577938
-0.671342685370741 -3.28442264812238 -3.31465004421649
-0.667334669338677 -3.29335158759397 -3.32558620996922
-0.663326653306613 -3.30065331818212 -3.33486202056281
-0.659318637274549 -3.30630820092551 -3.34245657011208
-0.655310621242485 -3.31029745702142 -3.34834976331402
-0.651302605210421 -3.31260318822508 -3.35252233910883
-0.647294589178357 -3.31320839677609 -3.35495589398444
-0.643286573146293 -3.31209700483214 -3.35563290489895
-0.639278557114229 -3.30925387339085 -3.35453675179607
-0.635270541082164 -3.30466482068055 -3.35165173968818
-0.6312625250501 -3.29831664000125 -3.3469631202821
-0.627254509018036 -3.29019711699729 -3.34045711312253
-0.623246492985972 -3.28029504634358 -3.33212092622834
-0.619238476953908 -3.26860024782753 -3.32194277619717
-0.615230460921844 -3.25510358180931 -3.3099119077537
-0.61122244488978 -3.23979696404335 -3.29601861271764
-0.607214428857715 -3.22267337984439 -3.28025424836718
-0.603206412825651 -3.2037268975819 -3.26261125517454
-0.599198396793587 -3.182952681487 -3.24308317389002
-0.595190380761523 -3.16034700375661 -3.22166466195163
-0.591182364729459 -3.13590725593987 -3.19835150919771
-0.587174348697395 -3.10963195959244 -3.17314065286029
-0.583166332665331 -3.08152077618486 -3.14603019181726
-0.579158316633267 -3.05157451625157 -3.11701940008234
-0.575150300601202 -3.01979514776763 -3.08610873951153
-0.571142284569138 -2.98618580374112 -3.05329987170623
-0.567134268537074 -2.95075078900917 -3.01859566909289
-0.56312625250501 -2.91349558622673 -2.98200022516012
-0.559118236472946 -2.87442686103745 -2.94351886383467
-0.555110220440882 -2.83355246641663 -2.90315814797837
-0.551102204408818 -2.79088144617709 -2.86092588698854
-0.547094188376753 -2.74642403762912 -2.81683114348549
-0.543086172344689 -2.70019167338648 -2.77088423907105
-0.539078156312625 -2.65219698231118 -2.72309675914295
-0.535070140280561 -2.60245378959013 -2.67348155675071
-0.531062124248497 -2.55097711593772 -2.62205275547943
-0.527054108216433 -2.49778317591897 -2.56882575134857
-0.523046092184369 -2.4428893753885 -2.51381721371375
-0.519038076152305 -2.38631430804143 -2.45704508516057
-0.51503006012024 -2.32807775107294 -2.39852858038001
-0.511022044088176 -2.26820065994391 -2.33828818401614
-0.507014028056112 -2.20670516225092 -2.27634564747777
-0.503006012024048 -2.14361455069945 -2.21272398470635
-0.498997995991984 -2.07895327517999 -2.14744746689371
-0.49498997995992 -2.01274693394747 -2.08054161614408
-0.490981963927856 -1.94502226390518 -2.01203319807553
-0.486973947895792 -1.87580712999503 -1.94195021335765
-0.482965931863727 -1.80513051369686 -1.87032188818246
-0.478957915831663 -1.73302250064025 -1.79717866366732
-0.474949899799599 -1.65951426733292 -1.7225521841891
-0.470941883767535 -1.58463806701074 -1.64647528465026
-0.466933867735471 -1.508427214615 -1.5689819766785
-0.462925851703407 -1.43091607090339 -1.49010743376236
-0.458917835671343 -1.35214002570197 -1.40988797532693
-0.454909819639279 -1.27213548030598 -1.32836104975406
-0.450901803607214 -1.19093982903837 -1.24556521635336
-0.44689378757515 -1.10859143997528 -1.16154012629069
-0.442885771543086 -1.02512963484903 -1.07632650248243
-0.438877755511022 -0.940594668139174 -0.989966118464648
-0.434869739478958 -0.85502770536369 -0.902501776247429
-0.430861723446894 -0.768470800582405 -0.813977283165757
-0.42685370741483 -0.680966873126044 -0.72443742773949
-0.422845691382766 -0.592559683564585 -0.633927954555826
-0.418837675350701 -0.503293808929574 -0.542495538189047
-0.414829659318637 -0.413214617205637 -0.450187756173154
-0.410821643286573 -0.322368241107108 -0.357053061044187
-0.406813627254509 -0.230801551156416 -0.26314075147008
-0.402805611222445 -0.138562128081522 -0.168500942486904
-0.398797595190381 -0.0456982345503296 -0.0731845348613986
-0.394789579158317 0.0477412137393468 0.0227568163992795
-0.390781563126253 0.14170667759505 0.119270734368603
-0.386773547094188 0.236148024470351 0.216304153329723
-0.382765531062124 0.331014559190507 0.313803352688465
-0.37875751503006 0.426255055242108 0.411713991645583
-0.374749498997996 0.521817786605133 0.509981144602368
-0.370741482965932 0.617650560105273 0.608549337272985
-0.366733466933868 0.713700748263867 0.707362583475991
-0.362725450901804 0.809915322622278 0.80636442257646
-0.35871743486974 0.906240887517012 0.905497957549593
-0.354709418837675 1.00262371428141 1.00470589363558
-0.350701402805611 1.09900977584928 1.1039305775549
-0.346693386773547 1.19534478173544 1.20311403725236
-0.342685370741483 1.29157421336763 1.30219802213757
-0.338677354709419 1.38764335974386 1.40112404378864
-0.334669338677355 1.48349735338903 1.49983341708551
-0.330661322645291 1.57908120658406 1.59826730173845
-0.326653306613227 1.67433984784062 1.69636674417668
-0.322645290581162 1.76921815859413 1.79407271976172
-0.318637274549098 1.86366101008744 1.89132617528925
-0.314629258517034 1.95761330041735 1.98806807174293
-0.31062124248497 2.05101999171586 2.08423942726317
-0.306613226452906 2.14382614743779 2.17978136029336
-0.302605210420842 2.2359769697262 2.27463513286573
-0.298597194388778 2.32741783682708 2.36874219398864
-0.294589178356713 2.41809434052416 2.46204422309679
-0.290581162324649 2.50795232356515 2.55448317352562
-0.286573146292585 2.59693791705009 2.64600131597091
-0.282565130260521 2.68499757775282 2.73654128189439
-0.278557114228457 2.77207812534618 2.82604610683608
-0.274549098196393 2.8581267795019 2.91445927359395
-0.270541082164329 2.94309119683576 3.00172475523146
-0.266533066132265 3.02691950766885 3.08778705787347
-0.2625250501002 3.1095603525759 3.17259126325107
-0.258517034068136 3.19096291869137 3.25608307095603
-0.254509018036072 3.27107697574445 3.33820884036559
-0.250501002004008 3.34985291179416 3.41891563219839
-0.246492985971944 3.42724176863564 3.49815124966283
-0.24248496993988 3.50319527684935 3.57586427915911
-0.238476953907816 3.57766589046472 3.65200413049654
-0.234468937875752 3.65060682121013 3.72652107658827
-0.230460921843687 3.72197207232154 3.79936629258562
-0.226452905811623 3.79171647188206 3.87049189441484
-0.222444889779559 3.85979570566527 3.93985097667961
-0.218436873747495 3.92616634945545 4.00739764989283
-0.214428857715431 3.990785900818 4.07308707700219
-0.210420841683367 4.05361281029405 4.13687550917416
-0.206412825651303 4.1146065119933 4.19872032080206
-0.202404809619239 4.17372745355991 4.25858004370425
-0.198396793587174 4.23093712548643 4.31641440047928
-0.19438877755511 4.28619808975131 4.37218433698566
-0.190380761523046 4.33947400775626 4.42585205391455
-0.186372745490982 4.39072966753973 4.47738103742453
-0.182364729458918 4.43993101024396 4.52673608880858
-0.178356713426854 4.48704515581305 4.57388335316404
-0.17434869739479 4.53204042790042 4.61879034703751
-0.170340681362726 4.57488637796453 4.66142598501739
-0.166332665330661 4.61555380853231 4.70176060524784
-0.162324649298597 4.6540147956105 4.73976599383903
-0.158316633266533 4.69024271022561 4.77541540814931
-0.154308617234469 4.72421223907403 4.80868359891645
-0.150300601202405 4.75589940426443 4.83954683121575
-0.146292585170341 4.78528158213539 4.86798290422422
-0.142284569138277 4.81233752113172 4.89397116977112
-0.138276553106212 4.83704735872404 4.91749254965629
-0.134268537074148 4.85939263735653 4.93852955171887
-0.130260521042084 4.87935631940887 4.95706628464043
-0.12625250501002 4.89692280115897 4.97308847146733
-0.122244488977956 4.91207792573406 4.986583461839
-0.118236472945892 4.92480899503824 4.99754024290943
-0.114228456913828 4.93510478064593 5.00594944895107
-0.110220440881764 4.94295553365074 5.0118033696311
-0.1062124248497 4.94835299346102 5.01509595695174
-0.102204408817635 4.95129039553333 5.01582283084739
-0.0981963927855712 4.95176247803661 5.01398128343272
-0.0941883767535071 4.94976548744037 5.00957028189723
-0.090180360721443 4.94529718302107 5.00259047004323
-0.0861723446893788 4.93835684028196 4.99304416846514
-0.0821643286573147 4.92894525328241 4.98093537337002
-0.0781563126252506 4.9170647358735 4.96626975403985
-0.0741482965931864 4.90271912183796 4.94905464893804
-0.0701402805611223 4.88591376393294 4.92929906046361
-0.0661322645290582 4.86665553183541 4.90701364835796
-0.0621242484969941 4.84495280899067 4.88221072177057
-0.0581162324649299 4.82081548836534 4.85490422999108
-0.0541082164328658 4.79425496710735 4.82510975185666
-0.0501002004008017 4.76528414011596 4.79284448384503
-0.0460921843687375 4.73391739252613 4.75812722686435
-0.0420841683366734 4.70017059111221 4.72097837175303
-0.0380761523046093 4.66406107461686 4.6814198835033
-0.0340681362725451 4.6256076430121 4.639475284224
-0.030060120240481 4.58483054570014 4.59516963485902
-0.0260521042084169 4.54175146866258 4.54852951567915
-0.0220440881763528 4.49639352056751 4.49958300556629
-0.0180360721442887 4.44878121784473 4.44835966011023
-0.0140280561122246 4.39894046874028 4.39489048853901
-0.0100200400801604 4.3468985563624 4.33920792950557
-0.00601202404809631 4.29268412073162 4.2813458257539
-0.00200400801603218 4.23632713984877 4.22133939768931
0.00200400801603196 4.17785890979532 4.15922521587856
0.00601202404809609 4.11731202388141 4.09504117250623
0.0100200400801602 4.05472035085753 4.02882645181499
0.0140280561122244 3.99011901220682 3.96062149955845
0.0180360721442885 3.92354435853545 3.89046799149573
0.0220440881763526 3.85503394507956 3.81840880095838
0.0260521042084167 3.78462650634769 3.74448796552059
0.0300601202404809 3.71236192991855 3.66875065280483
0.034068136272545 3.6382812294146 3.59124312545555
0.0380761523046091 3.56242651667249 3.51201270531456
0.0420841683366733 3.48484097313226 3.4311077368321
0.0460921843687374 3.40556882046763 3.34857754974862
0.0501002004008015 3.32465529048051 3.26447242108262
0.0541082164328657 3.24214659428326 3.17884353646062
0.0581162324649298 3.15808989079302 3.09174295082584
0.0621242484969939 3.07253325456274 3.00322354856269
0.0661322645290581 2.98552564297437 2.91333900307451
0.0701402805611222 2.89711686281983 2.82214373585257
0.0741482965931863 2.80735753629619 2.7296928750746
0.0781563126252505 2.71629906644172 2.63604221377155
0.0821643286573146 2.62399360204004 2.54124816760133
0.0861723446893787 2.53049400201994 2.4453677322689
0.0901803607214429 2.43585379937886 2.34845844063185
0.094188376753507 2.34012716465845 2.25057831953111
0.0981963927855711 2.24336886900081 2.15178584638638
0.102204408817635 2.14563424681443 2.05213990559586
0.106212424849699 2.04697915807927 1.95169974478013
0.110220440881764 1.94745995032029 1.85052493090971
0.114228456913828 1.84713342027948 1.74867530635606
0.118236472945892 1.74605677531623 1.64621094490534
0.122244488977956 1.64428759456628 1.54319210777452
0.12625250501002 1.54188378988967 1.43967919966886
0.130260521042084 1.43890356663804 1.33573272491967
0.134268537074148 1.33540538427195 1.23141324374117
0.138276553106212 1.23144791685891 1.12678132864468
0.142284569138276 1.12709001348274 1.0218975210482
0.14629258517034 1.02239065859507 0.91682228811892
0.150300601202405 0.917408932339673 0.811615979885964
0.154308617234469 0.812203970880361 0.70633878665997
0.158316633266533 0.706834926763067 0.601050696795759
0.162324649298597 0.601360929342693 0.495811454833774
0.166332665330661 0.495841045305164 0.390680520055344
0.170340681362725 0.390334239315007 0.285717025486282
0.174348697394789 0.284899334818613 0.180979737382636
0.178356713426854 0.179594975033135 0.076527015231787
0.182364729458918 0.0744795841507852 -0.0275832276987318
0.186372745490982 -0.0303886712119697 -0.131293563232887
0.190380761523046 -0.13495192029106 -0.234547086547399
0.19438877755511 -0.239152626148367 -0.337287453792409
0.198396793587174 -0.342933623313531 -0.439458919042258
0.202404809619238 -0.446238155065715 -0.5410063705479
0.206412825651302 -0.549009910327389 -0.641875366263332
0.210420841683367 -0.651193060142579 -0.742012168619377
0.214428857715431 -0.752732293712438 -0.84136377851901
0.218436873747495 -0.853572853961435 -0.939877968529394
0.222444889779559 -0.953660572607899 -1.03750331524678
0.226452905811623 -1.05294190471315 -1.13418923081133
0.230460921843687 -1.1513639626839 -1.22988599354999
0.234468937875751 -1.24887454970326 -1.32454477772656
0.238476953907816 -1.34542219256596 -1.41811768237905
0.24248496993988 -1.44095617389425 -1.51055775922554
0.246492985971944 -1.53542656371145 -1.60181903962079
0.250501002004008 -1.62878425035036 -1.69185656054689
0.254509018036072 -1.72098097067504 -1.78062638962238
0.258517034068136 -1.81196933959445 -1.86808564911522
0.2625250501002 -1.90170287884736 -1.95419253894623
0.266533066132264 -1.99013604503875 -2.03890635867063
0.270541082164329 -2.0772242569083 -2.12218752842638
0.274549098196393 -2.16292392181243 -2.20399760883933
0.278557114228457 -2.2471924614021 -2.28429931987583
0.282565130260521 -2.32998833647912 -2.36305655863519
0.286573146292585 -2.41127107101473 -2.44023441607492
0.290581162324649 -2.49100127531457 -2.51579919266302
0.294589178356713 -2.56914066831539 -2.58971841295284
0.298597194388778 -2.64565209899916 -2.66196083907671
0.302605210420842 -2.72049956691136 -2.73249648315604
0.306613226452906 -2.79364824177078 -2.8012966186264
0.31062124248497 -2.86506448215915 -2.86833379047733
0.314629258517034 -2.93471585327951 -2.93358182440747
0.318637274549098 -3.00257114377333 -2.99701583489694
0.322645290581162 -3.06860038158678 -3.05861223219966
0.326653306613226 -3.13277484887784 -3.11834872825952
0.330661322645291 -3.19506709595646 -3.17620434155517
0.334669338677354 -3.25545095425079 -3.23215940087934
0.338677354709419 -3.31390154829361 -3.28619554805945
0.342685370741483 -3.37039530672358 -3.33829573962721
0.346693386773547 -3.424909972297 -3.38844424744612
0.350701402805611 -3.47742461090649 -3.43662665830625
0.354709418837675 -3.52791961960393 -3.48282987249707
0.358717434869739 -3.57637673362563 -3.52704210136955
0.362725450901803 -3.62277903241887 -3.56925286389991
0.366733466933868 -3.66711094466935 -3.60945298226813
0.370741482965932 -3.70935825233036 -3.6476345764651
0.374749498997996 -3.74950809365492 -3.68379105794315
0.37875751503006 -3.78754896523314 -3.71791712232547
0.382765531062124 -3.82347072303801 -3.75000874119058
0.386773547094188 -3.85726458248315 -3.7800631529489
0.390781563126252 -3.88892311749742 -3.80807885282884
0.394789579158316 -3.91844025862172 -3.83405558199101
0.398797595190381 -3.94581129013419 -3.85799431578915
0.402805611222445 -3.97103284621071 -3.87989725119757
0.406813627254509 -3.99410290612862 -3.89976779342506
0.410821643286573 -4.01502078852198 -3.91761054173603
0.414829659318637 -4.03378714469766 -3.9334312745
0.418837675350701 -4.05040395102223 -3.94723693349113
0.422845691382765 -4.06487450039037 -3.95903560746006
0.42685370741483 -4.07720339278598 -3.96883651500042
0.430861723446894 -4.08739652494837 -3.97664998673325
0.434869739478958 -4.095461079156 -3.98248744683249
0.438877755511022 -4.1014055111413 -3.98636139391542
0.442885771543086 -4.10523953715059 -3.98828538132195
0.44689378757515 -4.10697412016385 -3.98827399680722
0.450901803607214 -4.10662145528949 -3.98634284167195
0.454909819639278 -4.10419495435013 -3.9825085093555
0.458917835671343 -4.09970922967591 -3.97678856351651
0.462925851703407 -4.09318007712215 -3.96920151562643
0.466933867735471 -4.0846244583292 -3.95976680210122
0.470941883767535 -4.07406048224244 -3.94850476099656
0.474949899799599 -4.06150738591102 -3.93543660829236
0.478957915831663 -4.04698551458458 -3.92058441379182
0.482965931863727 -4.03051630112743 -3.90397107666095
0.486973947895792 -4.01212224477016 -3.88562030063397
0.490981963927856 -3.99182688921935 -3.86555656891024
0.49498997995992 -3.96965480014592 -3.84380511876834
0.498997995991984 -3.94563154207372 -3.8203919159226
0.503006012024048 -3.91978365468967 -3.7953436286476
0.507014028056112 -3.89213862859765 -3.76868760169575
0.511022044088176 -3.86272488053826 -3.74045183003303
0.51503006012024 -3.8315717280972 -3.71066493241794
0.519038076152305 -3.79870936392497 -3.67935612484815
0.523046092184369 -3.76416882949118 -3.64655519389936
0.527054108216433 -3.72798198839678 -3.61229246998078
0.531062124248497 -3.69018149926781 -3.57659880053088
0.535070140280561 -3.65080078825439 -3.53950552317738
0.539078156312625 -3.60987402115906 -3.50104443888456
0.543086172344689 -3.56743607521845 -3.4612477851111
0.547094188376753 -3.52352251056252 -3.42014820900107
0.551102204408817 -3.47816954137585 -3.37777874063029
0.555110220440882 -3.43141400678515 -3.3341727663301
0.559118236472946 -3.38329334149782 -3.28936400210998
0.56312625250501 -3.33384554621577 -3.24338646720015
0.567134268537074 -3.28310915784927 -3.19627445773472
0.571142284569138 -3.23112321955521 -3.14806252059574
0.575150300601202 -3.17792725062448 -3.09878542743782
0.579158316633266 -3.12356121624278 -3.04847814891253
0.58316633266533 -3.06806549714931 -2.99717582911145
0.587174348697395 -3.01148085921775 -2.94491376024614
0.591182364729459 -2.95384842298363 -2.89172735758272
0.595190380761523 -2.89520963314225 -2.83765213464837
0.599198396793587 -2.83560622804102 -2.78272367872642
0.603206412825651 -2.77508020919006 -2.72697762665626
0.607214428857715 -2.71367381081459 -2.67044964095356
0.611222444889779 -2.65142946947248 -2.61317538626601
0.615230460921844 -2.58838979376015 -2.555190506179
0.619238476953908 -2.52459753412962 -2.49653060038522
0.623246492985972 -2.4600955528395 -2.43723120223141
0.627254509018036 -2.39492679406206 -2.37732775665529
0.6312625250501 -2.32913425416867 -2.31685559852459
0.635270541082164 -2.26276095221512 -2.25584993139005
0.639278557114228 -2.19584990064844 -2.19434580666322
0.643286573146292 -2.1284440762561 -2.13237810322969
0.647294589178357 -2.06058639137833 -2.06998150750747
0.651302605210421 -1.99231966540397 -2.00719049395983
0.655310621242485 -1.92368659656959 -1.94403930607143
0.659318637274549 -1.85472973408151 -1.88056193779557
0.663326653306613 -1.78549145057982 -1.81679211548038
0.667334669338677 -1.71601391496291 -1.75276328028069
0.671342685370741 -1.64633906559082 -1.688508571062
0.675350701402806 -1.57650858388514 -1.62406080780244
0.67935871743487 -1.50656386834261 -1.55945247549781
0.683366733466934 -1.43654600897939 -1.49471570857442
0.687374749498998 -1.36649576222202 -1.4298822758139
0.691382765531062 -1.29645352626112 -1.3649835657934
0.695390781563126 -1.22645931688281 -1.30005057284442
0.69939879759519 -1.15655274379283 -1.2351138835324
0.703406813627254 -1.08677298744737 -1.17020366365942
0.707414829659319 -1.01715877640438 -1.1053496457911
0.711422845691383 -0.947748365208366 -1.04058111730883
0.715430861723447 -0.878579512821369 -0.975926908987593
0.719438877755511 -0.809689461611924 -0.911415384099392
0.723446893787575 -0.741114916913588 -0.847074428041699
0.727454909819639 -0.672892027163781 -0.782931438489806
0.731462925851703 -0.605056364633256 -0.719013316071659
0.735470941883767 -0.537642906755867 -0.655346455563153
0.739478957915832 -0.470686018067743 -0.5919567376015
0.743486973947896 -0.404219432764377 -0.528869520913849
0.74749498997996 -0.338276237883566 -0.466109635057848
0.751503006012024 -0.272888857121516 -0.40370137367054
0.755511022044088 -0.208089035288881 -0.341668488221501
0.759519038076152 -0.143907823412843 -0.280034182265769
0.763527054108216 -0.0803755644908229 -0.21882110619176
0.76753507014028 -0.0175218799007534 -0.158051352458994
0.771543086172344 0.044624343527705 -0.0977464513200847
0.775551102204409 0.106034965777227 -0.0379273670211617
0.779559118236473 0.166682605238977 0.0213855055254459
0.783567134268537 0.226540649638264 0.0801723436027877
0.787575150300601 0.285583266287659 0.138413899091879
0.791583166332665 0.343785411666148 0.196091500422352
0.795591182364729 0.401122840323426 0.25318705407854
0.799599198396793 0.45757211310908 0.30968304566853
0.803607214428858 0.51311060472689 0.365562540564043
0.807615230460922 0.567716510615079 0.420809184119176
0.811623246492986 0.621368853153905 0.47540720147629
0.81563126252505 0.674047487202513 0.52934139696751
0.819639278557114 0.725733104967508 0.582597153120494
0.823647294589178 0.776407240206251 0.635160429277309
0.827655310621242 0.826052271768388 0.687017759835432
0.831663326653306 0.874651426479657 0.73815625212
0.835671342685371 0.922188781372522 0.78856358389662
0.839679358717435 0.968649265268652 0.838228000534154
0.843687374749499 1.01401865971879 0.887138311827001
0.847695390781563 1.05828359930603 0.935283888486504
0.851703406813627 1.10143157131893 0.982654658311207
0.855711422845691 1.1434509148015 1.02924110204578
0.859719438877755 1.18433081898728 1.07503424893841
0.86372745490982 1.22406132112551 1.12002567200666
0.867735470941884 1.26263330370748 1.1642074830217
0.871743486973948 1.30003849110184 1.20757232722091
0.875751503006012 1.33626944560781 1.25011337775886
0.879759519038076 1.37131956293583 1.29182432990674
0.88376753507014 1.40518306712541 1.33269939501016
0.887775551102204 1.43785500491045 1.3727332942155
0.891783567134268 1.46933123954238 1.41192125197459
0.895791583166333 1.49960844408225 1.45025898933785
0.899799599198397 1.52868409417281 1.48774271704577
0.903807615230461 1.55655646030201 1.52436912842856
0.907815631262525 1.58322459957001 1.56013539212387
0.911823647294589 1.60868834697148 1.59503914462223
0.915831663326653 1.63294830620578 1.62907848265002
0.919839679358717 1.65600584002747 1.66225195539947
0.923847695390781 1.67786306015016 1.69455855661524
0.927855711422846 1.69852281671673 1.72599771654699
0.93186372745491 1.7179886873491 1.75656929377728
0.935871743486974 1.73626496579133 1.78627356693393
0.939879759519038 1.75335665015946 1.81511122629601
0.943887775551102 1.76926943081212 1.84308336530242
0.947895791583166 1.78400967785585 1.87019147197175
0.95190380761523 1.79758442829941 1.89643742024236
0.955911823647294 1.81000137287113 1.92182346124103
0.959919839679358 1.82126884251401 1.94635221448871
0.963927855711423 1.83139579457286 1.97002665905159
0.967935871743487 1.84039179868814 1.99285012464566
0.971943887775551 1.84826702241118 2.0148262827026
0.975951903807615 1.85503221655556 2.03595913740495
0.979959919839679 1.86069870029923 2.05625301669805
0.983967935871743 1.86527834605245 2.07571256328632
0.987975951903807 1.86878356410611 2.09434272562104
0.991983967935872 1.8712272870755 2.11214874888688
0.995991983967936 1.87262295415408 2.12913616599405
1 1.87298449519234 2.14531078858282
