-1 -10.1800432417355 -11.8210274822297
-0.995991983967936 -10.357143813417 -11.9706479513015
-0.991983967935872 -10.5305666762377 -12.1166969446024
-0.987975951903808 -10.7001485156095 -12.259036844053
-0.983967935871743 -10.8657265397752 -12.3975299012681
-0.979959919839679 -11.0271386087784 -12.5320383364046
-0.975951903807615 -11.1842233645383 -12.6624244390812
-0.971943887775551 -11.336820361932 -12.7885506713191
-0.967935871743487 -11.4847702007865 -12.9102797724494
-0.963927855711423 -11.6279146586778 -13.0274748659304
-0.959919839679359 -11.7660968244363 -13.1399995680143
-0.955911823647295 -11.8991612322523 -13.2477180981993
-0.95190380761523 -12.0269539962767 -13.3504953914004
-0.947895791583166 -12.1493229456065 -13.4481972117687
-0.943887775551102 -12.2661177595479 -13.5406902680851
-0.939879759519038 -12.3771901030439 -13.6278423306528
-0.935871743486974 -12.4823937621543 -13.7095223496069
-0.93186372745491 -12.5815847794743 -13.7856005745601
-0.927855711422846 -12.6746215893753 -13.8559486754963
-0.923847695390782 -12.7613651529525 -13.9204398648236
-0.919839679358717 -12.8416790925611 -13.9789490204942
-0.915831663326653 -12.9154298258222 -14.0313528100947
-0.911823647294589 -12.9824866989795 -14.0775298158099
-0.907815631262525 -13.0427221194863 -14.1173606601563
-0.903807615230461 -13.0960116877014 -14.1507281323825
-0.899799599198397 -13.1422343275734 -14.1775173154286
-0.895791583166333 -13.1812724161902 -14.1976157133351
-0.891783567134269 -13.2130119120722 -14.2109133789863
-0.887775551102204 -13.2373424820865 -14.2173030420766
-0.88376753507014 -13.2541576268597 -14.2166802371778
-0.879759519038076 -13.2633548045651 -14.2089434317893
-0.875751503006012 -13.2648355529641 -14.1939941542483
-0.871743486973948 -13.2585056095774 -14.1717371213734
-0.867735470941884 -13.2442750298654 -14.1420803657163
-0.86372745490982 -13.2220583032949 -14.1049353622905
-0.859719438877755 -13.1917744671721 -14.0602171546471
-0.855711422845691 -13.1533472181215 -14.0078444801638
-0.851703406813627 -13.106705021091 -13.9477398944121
-0.847695390781563 -13.051781215764 -13.8798298944673
-0.843687374749499 -12.9885141202628 -13.8040450410215
-0.839679358717435 -12.9168471320249 -13.7203200791627
-0.835671342685371 -12.836728825739 -13.6285940576771
-0.831663326653307 -12.7481130482257 -13.528810446735
-0.827655310621243 -12.6509590101519 -13.4209172538165
-0.823647294589178 -12.5452313744677 -13.3048671377348
-0.819639278557114 -12.4309003414584 -13.1806175206122
-0.81563126252505 -12.3079417303034 -13.0481306976653
-0.811623246492986 -12.1763370570382 -12.9073739446547
-0.807615230460922 -12.0360736088179 -12.7583196228543
-0.803607214428858 -11.8871445143794 -12.600945281395
-0.799599198396794 -11.7295488106074 -12.4352337568396
-0.795591182364729 -11.5632915051069 -12.2611732698433
-0.791583166332665 -11.3883836346897 -12.0787575187575
-0.787575150300601 -11.2048423196855 -11.8879857700333
-0.783567134268537 -11.0126908139903 -11.6888629452827
-0.779559118236473 -10.8119585507667 -11.4813997048577
-0.775551102204409 -10.6026811837166 -11.2656125278065
-0.771543086172345 -10.3849006238467 -11.0415237880692
-0.767535070140281 -10.1586650716529 -10.8091618267774
-0.763527054108216 -9.9240290446519 -10.5685610205213
-0.759519038076152 -9.68105340019185 -10.3197618454544
-0.755511022044088 -9.42980535347742 -10.0628109371021
-0.751503006012024 -9.17035849074913 -9.79776114575002
-0.74749498997996 -8.90279277755914 -9.52467158728365
-0.743486973947896 -8.6271945620907 -9.24360768935875
-0.739478957915832 -8.34365657347161 -8.95464123278223
-0.735470941883767 -8.05227791503646 -8.65785038798747
-0.731462925851703 -7.75316405249647 -8.35331974649091
-0.727454909819639 -7.44642679697942 -8.04114034722089
-0.723446893787575 -7.13218428290706 -7.72140969761278
-0.719438877755511 -6.81056094068125 -7.39423178936898
-0.715430861723447 -6.48168746415429 -7.05971710878601
-0.711422845691383 -6.14570077286395 -6.71798264155563
-0.707414829659319 -5.8027439690174 -6.36915187195096
-0.703406813627255 -5.45296628921325 -6.01335477631371
-0.69939879759519 -5.09652305089538 -5.65072781076306
-0.695390781563126 -4.73357559353678 -5.28141389305191
-0.691382765531062 -4.36429121455627 -4.90556237850132
-0.687374749498998 -3.98884309997591 -4.52332902994943
-0.683366733466934 -3.60741024983106 -4.13487598165629
-0.67935871743487 -3.22017739835063 -3.74037169711219
-0.675350701402806 -2.82733492892904 -3.3399909207022
-0.671342685370741 -2.4290787839166 -2.93391462318626
-0.667334669338677 -2.02561036926003 -2.52232994095958
-0.663326653306613 -1.61713645402909 -2.1054301090648
-0.659318637274549 -1.20386906487052 -1.68341438793328
-0.655310621242485 -0.786025375435568 -1.25648798383981
-0.651302605210421 -0.363827590831301 -0.824861963060869
-0.647294589178357 0.0624971728482397 -0.388753159734149
-0.643286573146293 0.492717013850878 0.051615922577291
-0.639278557114229 0.926595374889937 0.496017215604853
-0.635270541082164 1.3638911779926 0.944217197360848
-0.6312625250501 1.80435896399853 1.39597700936666
-0.627254509018036 2.24774903662937 1.85105258009086
-0.623246492985972 2.69380761104479 2.30919475455833
-0.619238476953908 3.14227696679688 2.77014943008409
-0.615230460921844 3.5928956050894 3.23365769807867
-0.61122244488978 4.04539841024408 3.69945599186415
-0.607214428857715 4.49951681527214 4.16727624043316
-0.603206412825651 4.95497897144387 4.63684602807528
-0.599198396793587 5.41150992174588 5.10788875978848
-0.595190380761523 5.86883177811042 5.58012383238573
-0.591182364729459 6.32666390229765 6.05326681119931
-0.587174348697395 6.78472309030709 6.52702961227855
-0.583166332665331 7.24272376019101 7.00112068996926
-0.579158316633267 7.70037814313814 7.47524522975555
-0.575150300601202 8.15739647769242 7.94910534623855
-0.571142284569138 8.61348720696781 8.42240028611786
-0.567134268537074 9.06835717871644 8.89482663603634
-0.56312625250501 9.52171184810401 9.36607853514035
-0.559118236472946 9.97325548304272 9.83584789220171
-0.555110220440882 10.4226913719288 10.3038246071401
-0.551102204408818 10.8697220336285 10.7696967967787
-0.547094188376753 11.3140494295541 11.2331510246588
-0.543086172344689 11.7553751776661 11.6938725347329
-0.539078156312625 12.193400768239 12.1515454887492
-0.535070140280561 12.6278277812214 12.6058532071349
-0.531062124248497 13.0583581050206 13.0564784131798
-0.527054108216433 13.4846941565404 13.5031034803139
-0.523046092184369 13.9065391022956 13.9454106822709
-0.519038076152305 14.3235970804282 14.3830824459198
-0.51503006012024 14.7355734234449 14.815801606545
-0.511022044088176 15.1421748814967 15.2432516653477
-0.507014028056112 15.5431098460179 15.6651170489392
-0.503006012024048 15.9380885735405 16.0810833705881
-0.498997995991984 16.3268234094996 16.490837692985
-0.49498997995992 16.7090290118441 16.8940687922771
-0.490981963927856 17.084422574264 17.290467423127
-0.486973947895792 17.4527240488484 17.6797265845443
-0.482965931863727 17.8136563679842 18.0615417862328
-0.478957915831663 18.1669456653076 18.4356113151985
-0.474949899799599 18.5123214955178 18.801636502354
-0.470941883767535 18.849517052865 19.1593219888593
-0.466933867735471 19.1782693881218 19.5083759919305
-0.462925851703407 19.49831962385 19.8485105698503
-0.458917835671343 19.8094131677739 20.1794418859105
-0.454909819639279 20.1112999240707 20.5008904710155
-0.450901803607214 20.4037345023925 20.8125814846755
-0.44689378757515 20.686476424432 21.1142449741165
-0.442885771543086 20.9592903278467 21.4056161312339
-0.438877755511022 21.2219461673584 21.6864355471174
-0.434869739478958 21.4742194128446 21.9564494638736
-0.430861723446894 21.7158912442403 22.2154100234738
-0.42685370741483 21.9467487430729 22.4630755133564
-0.422845691382766 22.1665850804516 22.6992106085124
-0.418837675350701 22.3751997013356 22.9235866097863
-0.414829659318637 22.5723985049114 23.1359816781249
-0.410821643286573 22.7579940209059 23.336181064509
-0.406813627254509 22.9318055816698 23.5239773353066
-0.402805611222445 23.093659489866 23.6991705927877
-0.398797595190381 23.2433891816019 23.8615686905441
-0.394789579158317 23.3808353848468 24.0109874435626
-0.390781563126253 23.5058462729805 24.1472508327016
-0.386773547094188 23.6182776133191 24.2701912033281
-0.382765531062124 23.7179929104742 24.379649457872
-0.37875751503006 23.8048635443973 24.4754752420666
-0.374749498997996 23.8787689029727 24.5575271246404
-0.370741482965932 23.939596509021 24.6256727702395
-0.366733466933868 23.9872421415828 24.6797891053585
-0.362725450901804 24.0216099513544 24.7197624770693
-0.35871743486974 24.0426125701542 24.7454888043392
-0.354709418837675 24.0501712143003 24.7568737217398
-0.350701402805611 24.0442157817874 24.7538327153524
-0.346693386773547 24.0246849431546 24.7362912506852
-0.342685370741483 23.9915262259396 24.7041848924234
-0.338677354709419 23.944696092624 24.6574594158404
-0.334669338677355 23.8841600119742 24.5960709097099
-0.330661322645291 23.8098925236928 24.5199858705622
-0.326653306613227 23.7218772962971 24.4291812881391
-0.322645290581162 23.6201071781502 24.3236447219118
-0.318637274549098 23.5045842415726 24.2033743685303
-0.314629258517034 23.3753198199704 24.0683791200889
-0.31062124248497 23.2323345379219 23.9186786130936
-0.306613226452906 23.0756583341682 23.7543032680347
-0.302605210420842 22.9053304774622 23.5752943194716
-0.298597194388778 22.7213995752348 23.3817038365489
-0.294589178356713 22.5239235750432 23.1735947338742
-0.290581162324649 22.3129697587742 22.951040772695
-0.286573146292585 22.0886147295783 22.7141265523259
-0.282565130260521 21.8509443915202 22.4629474917839
-0.278557114228457 21.600053921936 22.1976098016038
-0.274549098196393 21.3360477364928 21.9182304458131
-0.270541082164329 21.0590394469551 21.624937094059
-0.266533066132265 20.7691518116666 21.3178680638887
-0.2625250501002 20.466516678764 20.9971722531959
-0.258517034068136 20.1512749221448 20.6630090628579
-0.254509018036072 19.8235763702177 20.3155483095967
-0.250501002004008 19.4835797274716 19.9549701291102
-0.246492985971944 19.1314524889038 19.5814648695288
-0.24248496993988 18.7673708473562 19.1952329752645
-0.238476953907816 18.3915195938132 18.7964848613301
-0.234468937875752 18.0040920107224 18.3854407782165
-0.230460921843687 17.6052897584053 17.9623306674277
-0.226452905811623 17.1953227546302 17.5273940077807
-0.222444889779559 16.7744090474274 17.0808796525937
-0.218436873747495 16.3427746812332 16.6230456578896
-0.214428857715431 15.9006535564516 16.1541591017568
-0.210420841683367 15.4482872825347 15.6744958950176
-0.206412825651303 14.9859250246827 15.1843405833649
-0.202404809619239 14.5138233442742 14.6839861411371
-0.198396793587174 14.0322460331417 14.1737337569116
-0.19438877755511 13.5414639418137 13.6538926111062
-0.190380761523046 13.0417548018487 13.124779645787
-0.186372745490982 12.5334030423942 12.5867193268901
-0.182364729458918 12.0166996011073 12.0400433990749
-0.178356713426854 11.4919417295797 11.4850906334331
-0.17434869739479 10.9594327934155 10.922206568286
-0.170340681362726 10.4194820671128 10.3517432433145
-0.166332665330661 9.87240452390854 9.77405892726769
-0.162324649298597 9.31852062074779 9.18951783950994
-0.158316633266533 8.75815607854505 8.59848986566821
-0.154308617234469 8.19164165790854 8.00135026765243
-0.150300601202405 7.6193129305035 7.39847938832575
-0.146292585170341 7.04151004623438 6.79026235110892
-0.142284569138277 6.45857749642966 6.17708875480899
-0.138276553106212 5.8708638732172 5.5593523639678
-0.134268537074148 5.27872162528143 4.93745079503146
-0.130260521042084 4.6825068101974 4.31178519864672
-0.12625250501002 4.08257884353982 3.68275993839488
-0.122244488977956 3.47930024496855 3.05078226627796
-0.118236472945892 2.87303638149494 2.41626199527607
-0.114228456913828 2.26415520813615 1.77961116929806
-0.110220440881764 1.65302700616713 1.14124373085072
-0.1062124248497 1.04002411918264 0.501575186754857
-0.102204408817635 0.425520687183433 -0.138977727761472
-0.0981963927855712 -0.190107621096722 -0.779997386260165
-0.0941883767535071 -0.806483877405172 -1.42106560924665
-0.090180360721443 -1.42323016450553 -2.06176400294474
-0.0861723446893788 -2.03996784781289 -2.70167429835688
-0.0821643286573147 -2.65631784790612 -3.34037869027337
-0.0781563126252506 -3.27190091369425 -3.97746017589441
-0.0741482965931864 -3.88633789601197 -4.61250289272906
-0.0701402805611223 -4.49925002141991 -5.24509245543601
-0.0661322645290582 -5.11025916598363 -5.87481629127246
-0.0621242484969941 -5.71898812880647 -6.50126397381884
-0.0581162324649299 -6.32506090509003 -7.12402755464919
-0.0541082164328658 -6.92810295849748 -7.7427018926193
-0.0501002004008017 -7.52774149259433 -8.3568849804478
-0.0460921843687375 -8.12360572114282 -8.96617826826816
-0.0420841683366734 -8.71532713702603 -9.57018698383333
-0.0380761523046093 -9.30253977957979 -10.1685204490588
-0.0340681362725451 -9.88488050011078 -10.7607923925937
-0.030060120240481 -10.4619892253817 -11.3466212581148
-0.0260521042084169 -11.0335092188447 -11.9256305080429
-0.0220440881763528 -11.5990873394081 -12.4974489223865
-0.0180360721442887 -12.158374297521 -13.061710892423
-0.0140280561122246 -12.7110249083647 -13.6180567089354
-0.0100200400801604 -13.2566983419421 -14.1661328447258
-0.00601202404809631 -13.7950583698566 -14.7055922311364
-0.00200400801603218 -14.3257736085788 -15.2360945283153
0.00200400801603196 -14.8485177589984 -15.7573063889696
0.00601202404809609 -15.3629698420651 -16.2689017153586
0.0100200400801602 -15.8688144303229 -16.7705619092858
0.0140280561122244 -16.3657418751484 -17.2619761148578
0.0180360721442885 -16.8534485295055 -17.742841453786
0.0220440881763526 -17.3316369660335 -18.2128632530149
0.0260521042084167 -17.8000161902905 -18.6717552644717
0.0300601202404809 -18.2583018489764 -19.1192398767382
0.034068136272545 -18.7062164329666 -19.5550483184586
0.0380761523046091 -19.1434894749891 -19.9789208533024
0.0420841683366733 -19.5698577417864 -20.3906069663152
0.0460921843687374 -19.9850654206037 -20.7898655414973
0.0501002004008015 -20.3888642998545 -21.1764650304607
0.0541082164328657 -20.7810139438163 -21.5501836120262
0.0581162324649298 -21.1612818612171 -21.910809342631
0.0621242484969939 -21.5294436675763 -22.2581402974292
0.0661322645290581 -21.8852832411712 -22.5919847019767
0.0701402805611222 -22.2285928725054 -22.9121610544032
0.0741482965931863 -22.5591734071594 -23.2184982379854
0.0781563126252505 -22.8768343819133 -23.5108356240443
0.0821643286573146 -23.1813941540334 -23.789023165103
0.0861723446893787 -23.472680023623 -24.0529214782487
0.0901803607214429 -23.7505283489432 -24.3024019186574
0.094188376753507 -24.0147846546163 -24.5373466432473
0.0981963927855711 -24.2653037326292 -24.7576486644393
0.102204408817635 -24.5019497360619 -24.9632118940143
0.106212424849699 -24.7245962654724 -25.1539511770657
0.110220440881764 -24.9331264478759 -25.3297923160588
0.114228456913828 -25.1274330082614 -25.4906720850174
0.118236472945892 -25.3074183335977 -25.6365382338701
0.122244488977956 -25.4729945292854 -25.767349482997
0.12625250501002 -25.6240834680193 -25.8830755080309
0.130260521042084 -25.7606168310314 -25.9836969149756
0.134268537074148 -25.8825361416926 -26.0692052057129
0.138276553106212 -25.9897927914562 -26.1396027339831
0.142284569138276 -26.0823480581355 -26.1949026519304
0.14629258517034 -26.1601731165111 -26.2351288473175
0.150300601202405 -26.2232490412735 -26.2603158715186
0.154308617234469 -26.2715668023114 -26.2705088584153
0.158316633266533 -26.3051272523631 -26.2657634343239
0.162324649298597 -26.3239411070554 -26.2461456190942
0.166332665330661 -26.3280289173608 -26.2117317185278
0.170340681362725 -26.3174210345094 -26.1626082082727
0.174348697394789 -26.2921575674014 -26.0988716093587
0.178356713426854 -26.252288332568 -26.020628355547
0.182364729458918 -26.1978727967389 -25.9279946526741
0.186372745490982 -26.1289800120795 -25.821096330178
0.190380761523046 -26.0456885441659 -25.7000686850027
0.19438877755511 -25.9480863927746 -25.5650563180825
0.198396793587174 -25.8362709055675 -25.4162129636148
0.202404809619238 -25.71034868476 -25.2537013113378
0.206412825651302 -25.5704354868656 -25.0776928220326
0.210420841683367 -25.416656115617 -24.8883675364784
0.214428857715431 -25.249144308168 -24.6859138780918
0.218436873747495 -25.0680426146868 -24.4705284494892
0.222444889779559 -24.8735022714572 -24.2424158232128
0.226452905811623 -24.6656830676097 -24.0017883268696
0.230460921843687 -24.4447532056077 -23.7488658229319
0.234468937875751 -24.2108891556221 -23.4838754834559
0.238476953907816 -23.9642755039308 -23.2070515599759
0.24248496993988 -23.7051047954842 -22.9186351488361
0.246492985971944 -23.4335773707835 -22.6188739522245
0.250501002004008 -23.1499011972229 -22.3080220351752
0.254509018036072 -22.8542916950508 -21.9863395788086
0.258517034068136 -22.5469715581088 -21.654092630081
0.2625250501002 -22.228170569514 -21.3115528483148
0.266533066132264 -21.89812541245 -20.958997248784
0.270541082164329 -21.5570794762391 -20.5967079436288
0.274549098196393 -21.2052826578705 -20.224971880375
0.278557114228457 -20.8429911591624 -19.8440805783327
0.282565130260521 -20.4704672797397 -19.4543298631493
0.286573146292585 -20.087979206012 -19.0560195997924
0.290581162324649 -19.6958007963392 -18.6494534242347
0.294589178356713 -19.2942113625742 -18.2349384741157
0.298597194388778 -18.883495448177 -17.8127851186496
0.302605210420842 -18.4639426030934 -17.3833066880503
0.306613226452906 -18.035847155596 -16.9468192027404
0.31062124248497 -17.5995079812876 -16.5036411026101
0.314629258517034 -17.1552282694654 -16.0540929765878
0.318637274549098 -16.7033152870514 -15.598497292784
0.322645290581162 -16.2440801402899 -15.137178129463
0.326653306613226 -15.7778375344188 -14.6704609070976
0.330661322645291 -15.3049055315203 -14.1986721217553
0.334669338677354 -14.825605306757 -13.7221390800621
0.338677354709419 -14.3402609032012 -13.2411896359857
0.342685370741483 -13.8491989854653 -12.7561519296748
0.346693386773547 -13.3527485923411 -12.2673541285871
0.350701402805611 -12.8512408886552 -11.7751241711335
0.354709418837675 -12.345008916549 -11.2797895130617
0.358717434869739 -11.8343873463912 -10.7816768767951
0.362725450901803 -11.3197122275282 -10.2811120039404
0.366733466933868 -10.8013207390794 -9.7784194111686
0.370741482965932 -10.279550940983 -9.27392214967014
0.374749498997996 -9.75474152549492 -8.76794156837905
0.37875751503006 -9.22723156934532 -8.26079708115294
0.382765531062124 -8.69736028675272 -7.75280593809152
0.386773547094188 -8.16546678349597 -7.24428300116838
0.390781563126252 -7.63188981224158 -6.73554052434516
0.394789579158316 -7.09696752932251 -6.2268879383295
0.398797595190381 -6.56103725316166 -5.71863164013245
0.402805611222445 -6.02443522453165 -5.21107478757325
0.406813627254509 -5.48749636883943 -4.70451709887271
0.410821643286573 -4.95055406062191 -4.19925465746947
0.414829659318637 -4.41393989043571 -3.69557972218589
0.418837675350701 -3.87798343432158 -3.1937805428635
0.422845691382765 -3.34301202602023 -2.6941411815803
0.42685370741483 -2.80935053211361 -2.19694133955523
0.430861723446894 -2.27732113026205 -1.70245618983756
0.434869739478958 -1.747243090704 -1.21095621587162
0.438877755511022 -1.21943256118148 -0.722707056019981
0.442885771543086 -0.694202355450488 -0.23796935412097
0.44689378757515 -0.171861745531808 0.243001383851471
0.450901803607214 0.347283742146702 0.719954926964199
0.454909819639278 0.862932526569363 1.19264645028422
0.458917835671343 1.3747871677707 1.66083665957423
0.462925851703407 1.88255455815399 2.12429190968556
0.466933867735471 2.38594610935667 2.58278431661618
0.470941883767535 2.8846779345335 3.03609186320932
0.474949899799599 3.37847102593315 3.48399849847462
0.478957915831663 3.86705142764858 3.9262942305211
0.482965931863727 4.35015040342667 4.36277521309824
0.486973947895792 4.82750459942739 4.79324382574775
0.490981963927856 5.29885620182792 5.21750874757613
0.49498997995992 5.76395308917215 5.63538502466365
0.498997995991984 6.22254897937136 6.04669413113302
0.503006012024048 6.67440357126684 6.45126402390647
0.507014028056112 7.11928268067089 6.84892919118686
0.511022044088176 7.55695837080751 7.23953069470378
0.51503006012024 7.98720907707976 7.62291620577279
0.519038076152305 8.40981972609624 7.99894003522033
0.523046092184369 8.82458184889437 8.36746315723356
0.527054108216433 9.23129368830362 8.72835322719966
0.531062124248497 9.62976030039758 9.08148459360408
0.535070140280561 10.019793649989 9.42673830406325
0.539078156312625 10.4012127001273 9.76400210557134
0.543086172344689 10.7738434955647 10.0931704390464
0.547094188376753 11.1375192401597 10.414144428265
0.551102204408817 11.492080368197 10.7268318632804
0.555110220440882 11.8373746096027 11.031147178422
0.559118236472946 12.1732570490442 11.3270114249787
0.56312625250501 12.4995901789058 11.6143522386737
0.567134268537074 12.816243946139 11.8931038020398
0.571142284569138 13.123095792991 12.1632068018108
0.575150300601202 13.4200306916189 12.424608381445
0.579158316633266 13.7069411726053 12.6772620889024
0.58316633266533 13.9837273473935 12.9211278197991
0.587174348697395 14.2502969246669 13.1561717560649
0.591182364729459 14.5065652207026 13.3823663002339
0.595190380761523 14.7524551637337 13.5996900054999
0.599198396793587 14.9878972923599 13.8081275016696
0.603206412825651 15.2128297480509 14.00766941715
0.607214428857715 15.4271982617922 14.1983122971083
0.611222444889779 15.6309561349283 14.3800585179434
0.615230460921844 15.8240642142607 14.5529161982091
0.619238476953908 16.0064908614654 14.7168991061336
0.623246492985972 16.178211916898 14.8720265638761
0.627254509018036 16.3392106578574 15.0183233486669
0.6312625250501 16.4894777513879 15.1558195909752
0.635270541082164 16.6290112016966 15.28455066985
0.639278557114228 16.7578162922753 15.4045571055812
0.643286573146292 16.8759055228128 15.515884449827
0.647294589178357 16.9832985409926 15.6185831733524
0.651302605210421 17.0800220692718 15.712708551528
0.655310621242485 17.1661098267422 15.7983205477322
0.659318637274549 17.2416024461763 15.8754836948044
0.663326653306613 17.3065473863678 15.9442669746927
0.667334669338677 17.3609988398745 16.0047436964418
0.671342685370741 17.4050176362799 16.0569913726626
0.675350701402806 17.4386711410881 16.1010915946276
0.67935871743487 17.4620331503735 16.1371299061315
0.683366733466934 17.4751837813068 16.1651956762576
0.687374749498998 17.4782093586823 16.1853819711885
0.691382765531062 17.4712022975742 16.1977854251971
0.695390781563126 17.4542609822526 16.2025061109524
0.69939879759519 17.4274896414893 16.1996474092752
0.703406813627254 17.3909982203906 16.1893158784717
0.707414829659319 17.3449022488893 16.1716211233778
0.711422845691383 17.2893227070379 16.1466756642369
0.715430861723447 17.2243858872393 16.1145948055397
0.719438877755511 17.1502232535575 16.075496504945
0.723446893787575 17.0669712982505 16.0295012424035
0.727454909819639 16.9747713956688 15.9767318896007
0.731462925851703 16.8737696536641 15.9173135798336
0.735470941883767 16.7641167626539 15.8513735784331
0.739478957915832 16.6459678424888 15.779041153842
0.743486973947896 16.5194822872675 15.7004474494529
0.74749498997996 16.3848236082504 15.6157253563115
0.751503006012024 16.2421592750161 15.5250093867839
0.755511022044088 16.0916605550116 15.4284355492866
0.759519038076152 15.9335023516418 15.3261412241722
0.763527054108216 15.7678630410492 15.218265040863
0.76753507014028 15.5949243077291 15.1049467563195
0.771543086172344 15.4148709791292 14.9863271349297
0.775551102204409 15.2278908593807 14.8625478298997
0.779559118236473 15.0341745623063 14.7337512662245
0.783567134268537 14.833915343852 14.6000805253146
0.787575150300601 14.6273089340873 14.4616792313488
0.791583166332665 14.4145533689168 14.3186914394234
0.795591182364729 14.1958488216472 14.1712615255616
0.799599198396793 13.9713974345506 14.0195340786464
0.803607214428858 13.7414031505641 13.8636537943344
0.807615230460922 13.506071545265 13.7037653710069
0.811623246492986 13.2656096592582 13.54001340781
0.81563126252505 13.0202258311118 13.3725423048325
0.819639278557114 12.7701295309735 13.2014961654673
0.823647294589178 12.5155311950013 13.0270187009989
0.827655310621242 12.2566420607357 12.8492531374563
0.831663326653306 11.993674003544 12.6683421247663
0.835671342685371 11.7268393742589 12.4844276482419
0.839679358717435 11.4563508381373 12.2976509424341
0.843687374749499 11.1824212152579 12.1081524073745
0.847695390781563 10.9052633224771 11.9160715272324
0.851703406813627 10.6250898170575 11.721546791407
0.855711422845691 10.3421130420838 11.5247156180727
0.859719438877755 10.0565448737739 11.325714280192
0.86372745490982 9.7685965707956 11.1246778340092
0.867735470941884 9.47847862568961 10.9217400500321
0.871743486973948 9.18640061850449 10.7170333465113
0.875751503006012 8.89257107273903 10.5106887254175
0.879759519038076 8.59719731368903 10.3028357109215
0.88376753507014 8.30048532929044 10.0936022903731
0.887775551102204 8.00263963354805 9.88311485777652
0.891783567134268 7.70386313263576 9.67149815975564
0.895791583166333 7.40435699375099 9.45887524400088
0.899799599198397 7.10432051680256 9.24536741018664
0.903807615230461 6.80395100900825 9.03109416334628
0.907815631262525 6.50344366247425 8.81617316968964
0.911823647294589 6.20299143482605 8.60072021484573
0.915831663326653 5.90278493295625 8.38484916451123
0.919839679358717 5.60301229995153 8.16867192748362
0.923847695390781 5.30385910525769 7.95229842105601
0.927855711422846 5.0055082381378 7.73583653874836
0.93186372745491 4.70813980447522 7.519392120349
0.935871743486974 4.41193102696978 7.30306892423765
0.939879759519038 4.11705614877145 7.08696860196048
0.943887775551102 3.82368634059295 6.87119067502561
0.947895791583166 3.53198961133852 6.65583251388638
0.95190380761523 3.24213072228301 6.44098931907811
0.955911823647294 2.95427110483172 6.22675410447302
0.959919839679358 2.66856878188802 6.0132176826166
0.963927855711423 2.38517829285199 5.8004686521076
0.967935871743487 2.10425062227029 5.58859338698278
0.971943887775551 1.82593313215358 5.37767602806656
0.975951903807615 1.55036949797458 5.16779847624468
0.979959919839679 1.27769964835658 4.95904038762035
0.983967935871743 1.00805970845839 4.75147917051028
0.987975951903807 0.74158194705882 4.54518998423741
0.991983967935872 0.478394727340309 4.34024573967659
0.995991983967936 0.218622461367881 4.13671710150868
1 -0.0376144317432395 3.93467249213815
