-1 0.35322690848236 0.331531985986255
-0.995991983967936 0.353916198818154 0.333268471835243
-0.991983967935872 0.354439114925153 0.334812663672089
-0.987975951903808 0.354792871123738 0.336162215521883
-0.983967935871743 0.354974743436529 0.337314840993486
-0.979959919839679 0.354982072203332 0.338268315492215
-0.975951903807615 0.354812264685615 0.339020478433031
-0.971943887775551 0.354462797658412 0.339569235452606
-0.967935871743487 0.353931219987576 0.33991256061862
-0.963927855711423 0.353215155190232 0.340048498634601
-0.959919839679359 0.352312303976314 0.339975167038585
-0.955911823647295 0.351220446769039 0.339690758393871
-0.95190380761523 0.349937446202155 0.33919354247007
-0.947895791583166 0.348461249591818 0.338481868412665
-0.943887775551102 0.346789891380908 0.337554166899247
-0.939879759519038 0.344921495553632 0.336408952280575
-0.935871743486974 0.342854278018225 0.335044824704579
-0.93186372745491 0.340586548955575 0.333460472221414
-0.927855711422846 0.338116715131606 0.331654672867629
-0.923847695390782 0.33544328217123 0.329626296727525
-0.919839679358717 0.332564856791719 0.327374307969727
-0.915831663326653 0.329480148993318 0.324897766857007
-0.911823647294589 0.326187974204963 0.322195831727347
-0.907815631262525 0.322687255382948 0.319267760944258
-0.903807615230461 0.318977025060424 0.316112914814302
-0.899799599198397 0.315056427345598 0.312730757469828
-0.895791583166333 0.310924719866554 0.309120858714848
-0.891783567134269 0.306581275660594 0.305282895832022
-0.887775551102204 0.302025585006056 0.301216655348695
-0.88376753507014 0.297257257194556 0.296922034759948
-0.879759519038076 0.292276022241651 0.292399044206566
-0.875751503006012 0.287081732533924 0.28764780810591
-0.871743486973948 0.281674364410545 0.282668566733616
-0.867735470941884 0.276054019677358 0.277461677754067
-0.86372745490982 0.270220927051613 0.272027617697612
-0.859719438877755 0.264175443535473 0.266366983382474
-0.855711422845691 0.257918055716467 0.260480493279345
-0.851703406813627 0.25144938099309 0.254368988816629
-0.847695390781563 0.244770168723818 0.248033435624368
-0.843687374749499 0.237881301297814 0.241474924714842
-0.839679358717435 0.230783795125657 0.234694673597889
-0.835671342685371 0.223478801548494 0.227694027329016
-0.831663326653307 0.21596760766401 0.220474459488376
-0.827655310621243 0.208251637067724 0.21303757308871
-0.823647294589178 0.20033245050812 0.205385101410427
-0.819639278557114 0.192211746454187 0.197518908761935
-0.81563126252505 0.183891361574028 0.189440991163487
-0.811623246492986 0.17537327112319 0.181153476952725
-0.807615230460922 0.166659589241505 0.172658627310236
-0.803607214428858 0.15775256915721 0.163958836703398
-0.799599198396794 0.148654603297243 0.155056633246914
-0.795591182364729 0.139368223302628 0.145954678978391
-0.791583166332665 0.129896099947957 0.136655770047444
-0.787575150300601 0.120241042964016 0.127162836816801
-0.783567134268537 0.110406000762699 0.117478943873979
-0.779559118236473 0.100394060063384 0.107607289952102
-0.775551102204409 0.0902084454200653 0.097551207758549
-0.771543086172345 0.0798525186485534 0.0873141637101271
-0.767535070140281 0.069329778153163 0.0768997575735562
-0.763527054108216 0.0586438581523785 0.0663117220101006
-0.759519038076152 0.0477985278030405 0.055553922023249
-0.755511022044088 0.0367976902226988 0.0446303543084214
-0.751503006012024 0.0256453814098368 0.0335451465037313
-0.74749498997996 0.0143457690617551 0.0223025563409147
-0.743486973947896 0.00290315128998787 0.0109069706956306
-0.739478957915832 -0.00867804476681009 -0.000637095463646764
-0.735470941883767 -0.0203932644324745 -0.0123250002287718
-0.731462925851703 -0.0322378270853278 -0.0241519760077171
-0.727454909819639 -0.0442069278523798 -0.0361131308835019
-0.723446893787575 -0.0562956394054532 -0.0482034500766886
-0.719438877755511 -0.0684989138588806 -0.0604177975117803
-0.715430861723447 -0.0808115847683363 -0.0727509174877801
-0.711422845691383 -0.0932283692302763 -0.0851974364530648
-0.707414829659319 -0.105743870081381 -0.0977518648846731
-0.703406813627255 -0.118352578197313 -0.110408599271965
-0.69939879759519 -0.131048874890013 -0.123161924204573
-0.695390781563126 -0.143827034402665 -0.136006014564435
-0.691382765531062 -0.156681226501407 -0.148934937821619
-0.687374749498998 -0.169605519162728 -0.161942656433562
-0.683366733466934 -0.182593881355467 -0.175023030347214
-0.67935871743487 -0.195640185916194 -0.188169819603548
-0.675350701402806 -0.208738212516704 -0.201376687043721
-0.671342685370741 -0.221881650722253 -0.214637201116128
-0.667334669338677 -0.235064103139082 -0.227944838783472
-0.663326653306613 -0.248279088649709 -0.241292988528866
-0.659318637274549 -0.261520045734371 -0.254674953459906
-0.655310621242485 -0.2747803358769 -0.268083954509515
-0.651302605210421 -0.2880532470533 -0.281513133732306
-0.647294589178357 -0.301331997301124 -0.294955557695065
-0.643286573146293 -0.314609738367748 -0.308404220959887
-0.639278557114229 -0.327879559435507 -0.321852049658376
-0.635270541082164 -0.341134490921618 -0.335291905155228
-0.6312625250501 -0.354367508350716 -0.348716587799415
-0.627254509018036 -0.367571536297765 -0.36211884076109
-0.623246492985972 -0.380739452399027 -0.375491353952226
-0.619238476953908 -0.393864091428708 -0.388826768028906
-0.615230460921844 -0.406938249438815 -0.402117678473088
-0.61122244488978 -0.419954687959708 -0.415356639751567
-0.607214428857715 -0.432906138258751 -0.428536169549751
-0.603206412825651 -0.445785305654393 -0.441648753077796
-0.599198396793587 -0.458584873882965 -0.454686847446517
-0.595190380761523 -0.47129750951541 -0.467642886110442
-0.591182364729459 -0.483915866421086 -0.480509283375234
-0.587174348697395 -0.496432590275742 -0.49327843896666
-0.583166332665331 -0.508840323110717 -0.505942742658177
-0.579158316633267 -0.521131707900323 -0.51849457895412
-0.575150300601202 -0.53329939318436 -0.530926331825395
-0.571142284569138 -0.545336037722633 -0.543230389494495
-0.567134268537074 -0.557234315178317 -0.555399149266576
-0.56312625250501 -0.568986918826933 -0.567425022403272
-0.559118236472946 -0.5805865662877 -0.579300439035804
-0.555110220440882 -0.592026004273954 -0.591017853113923
-0.551102204408818 -0.603298013359302 -0.602569747387118
-0.547094188376753 -0.614395412756128 -0.613948638414455
-0.543086172344689 -0.625311065103058 -0.625147081599371
-0.539078156312625 -0.636037881257939 -0.636157676245656
-0.535070140280561 -0.646568825092861 -0.646973070630819
-0.531062124248497 -0.656896918287746 -0.657585967092959
-0.527054108216433 -0.667015245118975 -0.667989127127236
-0.523046092184369 -0.676916957239522 -0.678175376487939
-0.519038076152305 -0.686595278447046 -0.688137610292174
-0.51503006012024 -0.696043509436379 -0.697868798121072
-0.511022044088176 -0.70525503253282 -0.707361989114441
-0.507014028056112 -0.714223316402657 -0.716610317054718
-0.503006012024048 -0.722941920737323 -0.725607005436047
-0.498997995991984 -0.731404500907595 -0.734345372514297
-0.49498997995992 -0.739604812584228 -0.742818836333802
-0.490981963927856 -0.74753671632145 -0.751020919726552
-0.486973947895792 -0.755194182099715 -0.758945255279626
-0.482965931863727 -0.762571293824154 -0.766585590266549
-0.478957915831663 -0.769662253775142 -0.773935791538332
-0.474949899799599 -0.776461387007449 -0.780989850369892
-0.470941883767535 -0.782963145694432 -0.787741887257566
-0.466933867735471 -0.789162113413764 -0.79418615666346
-0.462925851703407 -0.79505300937121 -0.800317051702354
-0.458917835671343 -0.800630692559003 -0.806129108766892
-0.454909819639279 -0.805890165845376 -0.811617012086842
-0.450901803607214 -0.810826579991872 -0.816775598218191
-0.44689378757515 -0.815435237595066 -0.821599860457889
-0.442885771543086 -0.819711596949379 -0.82608495318008
-0.438877755511022 -0.823651275827717 -0.830226196089684
-0.434869739478958 -0.827250055176698 -0.834019078389263
-0.430861723446894 -0.830503882723283 -0.837459262855096
-0.42685370741483 -0.833408876489691 -0.84054258981849
-0.422845691382766 -0.835961328213507 -0.843265081048384
-0.418837675350701 -0.838157706669979 -0.845622943531316
-0.414829659318637 -0.839994660893527 -0.847612573144997
-0.410821643286573 -0.841469023295581 -0.849230558221654
-0.406813627254509 -0.842577812675911 -0.850473682997507
-0.402805611222445 -0.84331823712468 -0.851338930944723
-0.398797595190381 -0.843687696812534 -0.851823487982323
-0.394789579158317 -0.843683786666107 -0.85192474556258
-0.390781563126253 -0.843304298926385 -0.851640303629528
-0.386773547094188 -0.842547225587488 -0.8509679734463
-0.382765531062124 -0.841410760713452 -0.849905780288108
-0.37875751503006 -0.839893302630738 -0.848451965997769
-0.374749498997996 -0.83799345599423 -0.84660499140078
-0.370741482965932 -0.835710033724597 -0.844363538577069
-0.366733466933868 -0.833042058814994 -0.841726512986634
-0.362725450901804 -0.829988766005125 -0.838693045446405
-0.35871743486974 -0.826549603320843 -0.835262493955784
-0.354709418837675 -0.82272423347751 -0.831434445368432
-0.350701402805611 -0.818512535145461 -0.827208716907989
-0.346693386773547 -0.813914604076016 -0.822585357525554
-0.342685370741483 -0.808930754086578 -0.817564649096858
-0.338677354709419 -0.803561517903449 -0.812147107457218
-0.334669338677355 -0.797807647861138 -0.806333483272474
-0.330661322645291 -0.791670116456986 -0.800124762744264
-0.326653306613227 -0.785150116760089 -0.793522168148112
-0.322645290581162 -0.778249062673578 -0.786527158202968
-0.318637274549098 -0.770968589049454 -0.779141428270969
-0.314629258517034 -0.763310551655239 -0.771366910386325
-0.31062124248497 -0.755277026991878 -0.76320577311241
-0.306613226452906 -0.746870311962392 -0.754660421226267
-0.302605210420842 -0.738092923390912 -0.745733495229885
-0.298597194388778 -0.728947597391848 -0.736427870687771
-0.294589178356713 -0.719437288589051 -0.72674665739049
-0.290581162324649 -0.709565169184932 -0.716693198343987
-0.286573146292585 -0.69933462787966 -0.706271068584686
-0.282565130260521 -0.688749268640615 -0.695484073820495
-0.278557114228457 -0.677812909322448 -0.684336248898013
-0.274549098196393 -0.666529580138178 -0.672831856096394
-0.270541082164329 -0.654903521981902 -0.660975383248482
-0.266533066132265 -0.64293918460377 -0.648771541689975
-0.2625250501002 -0.630641224638058 -0.636225264037554
-0.258517034068136 -0.618014503485209 -0.623341701797069
-0.254509018036072 -0.605064085048915 -0.610126222803004
-0.250501002004008 -0.591795233329337 -0.596584408490636
-0.246492985971944 -0.57821340987377 -0.582722051002451
-0.24248496993988 -0.564324271086091 -0.568545150130502
-0.238476953907816 -0.550133665396496 -0.554059910096607
-0.234468937875752 -0.535647630293128 -0.539272736172377
-0.230460921843687 -0.520872389217298 -0.524190231141266
-0.226452905811623 -0.505814348324141 -0.508819191604949
-0.222444889779559 -0.490480093110624 -0.493166604136512
-0.218436873747495 -0.474876384912959 -0.477239641283049
-0.214428857715431 -0.459010157275571 -0.461045657420445
-0.210420841683367 -0.442888512193876 -0.444592184463234
-0.206412825651303 -0.426518716233219 -0.42788692743258
-0.202404809619239 -0.409908196526457 -0.410937759885558
-0.198396793587174 -0.393064536652724 -0.393752719209041
-0.19438877755511 -0.375995472400062 -0.376340001781649
-0.190380761523046 -0.358708887414661 -0.358707958007326
-0.186372745490982 -0.341212808739573 -0.340865087224232
-0.182364729458918 -0.32351540224584 -0.322820032492798
-0.178356713426854 -0.305624967959076 -0.304581575266846
-0.17434869739479 -0.287549935284629 -0.286158629951854
-0.170340681362726 -0.269298858134529 -0.267560238354521
-0.166332665330661 -0.250880409959528 -0.248795564027893
-0.162324649298597 -0.232303378689594 -0.229873886516442
-0.158316633266533 -0.213576661586327 -0.210804595505556
-0.154308617234469 -0.194709260010811 -0.191597184880009
-0.150300601202405 -0.17571027411052 -0.172261246696084
-0.146292585170341 -0.156588897428945 -0.152806465072069
-0.142284569138277 -0.137354411441672 -0.133242610001968
-0.138276553106212 -0.118016180022733 -0.11357953109733
-0.134268537074148 -0.0985836438450797 -0.0938271512621564
-0.130260521042084 -0.0790663147191142 -0.0739954603059405
-0.12625250501002 -0.0594737698732449 -0.0540945084999353
-0.122244488977956 -0.0398156461805058 -0.0341344000818131
-0.118236472945892 -0.0201016343353153 -0.0141252867139318
-0.114228456913828 -0.000341472984498446 0.00592263909953986
-0.110220440881764 0.0194550571832659 0.0259991506313298
-0.1062124248497 0.0392781393853578 0.0460939935802668
-0.102204408817635 0.0591179267262632 0.0661968927456127
-0.0981963927855712 0.0789645482074687 0.0862975587211257
-0.0941883767535071 0.0988081147619198 0.106385694603439
-0.090180360721443 0.118638725308703 0.126451002709324
-0.0861723446893788 0.138446472823622 0.146483191296393
-0.0821643286573147 0.158221450421285 0.166471981281801
-0.0781563126252506 0.177953757444352 0.186407112953495
-0.0741482965931864 0.197633505555523 0.206278352668572
-0.0701402805611223 0.217250824827905 0.226075499533328
-0.0661322645290582 0.236795869829327 0.245788392059574
-0.0621242484969941 0.256258825696233 0.265406914791831
-0.0581162324649299 0.275629914192747 0.284921004900065
-0.0541082164328658 0.294899399750515 0.3043206587326
-0.0501002004008017 0.314057595484973 0.323595938323948
-0.0460921843687375 0.333094869183655 0.342736977852304
-0.0420841683366734 0.352001649262212 0.361733990041488
-0.0380761523046093 0.370768430683829 0.380577272502231
-0.0340681362725451 0.389385780837727 0.399257214007675
-0.030060120240481 0.407844345372507 0.417764300698102
-0.0260521042084169 0.426134853980076 0.436089122209921
-0.0220440881763528 0.444248126125998 0.454222377724038
-0.0180360721442887 0.462175076722066 0.472154881928819
-0.0140280561122246 0.479906721737025 0.489877570892902
-0.0100200400801604 0.49743418374135 0.507381507843267
-0.00601202404809631 0.514748697382073 0.524657888843989
-0.00200400801603218 0.531841614783698 0.541698048371257
0.00200400801603196 0.548704410871288 0.558493464780304
0.00601202404809609 0.565328688611879 0.575035765660018
0.0100200400801602 0.581706184170442 0.591316733071105
0.0140280561122244 0.597828771976667 0.607328308663787
0.0180360721442885 0.613688469698916 0.623062598671134
0.0220440881763526 0.629277443121778 0.638511878774259
0.0260521042084167 0.644588010923716 0.653668598835701
0.0300601202404809 0.659612649351372 0.668525387497494
0.034068136272545 0.674343996787211 0.683075056640492
0.0380761523046091 0.688774858207208 0.697310605701705
0.0420841683366733 0.702898209525433 0.711225225846504
0.0460921843687374 0.716707201822432 0.724812303992704
0.0501002004008015 0.730195165454407 0.738065426683671
0.0541082164328657 0.743355614040304 0.750978383807748
0.0581162324649298 0.75618224832399 0.763545172161428
0.0621242484969939 0.768668959908825 0.775759998853872
0.0661322645290581 0.780809834862003 0.78761728455049
0.0701402805611222 0.792599157186176 0.799111666553479
0.0741482965931863 0.80403141215595 0.810238001717351
0.0781563126252505 0.815101289516953 0.820991369197656
0.0821643286573146 0.825803686545302 0.831367073031214
0.0861723446893787 0.836133710965384 0.841360644546406
0.0901803607214429 0.846086683723987 0.850967844602145
0.094188376753507 0.855658141618921 0.860184665654365
0.0981963927855711 0.864843839780415 0.869007333649007
0.102204408817635 0.873639754003632 0.877432309740624
0.106212424849699 0.882042082930829 0.885456291835921
0.110220440881764 0.890047250081757 0.893076215961661
0.114228456913828 0.897651905731032 0.900289257456577
0.118236472945892 0.904852928631338 0.907092831987033
0.122244488977956 0.911647427581425 0.913484596386395
0.12625250501002 0.918032742838001 0.919462449318165
0.130260521042084 0.924006447370726 0.925024531763159
0.134268537074148 0.929566347959657 0.930169227331097
0.138276553106212 0.934710486134588 0.934895162397182
0.142284569138276 0.939437138955887 0.939201206064356
0.14629258517034 0.943744819636519 0.943086469952108
0.150300601202405 0.947632278005099 0.946550307812833
0.154308617234469 0.951098500809917 0.949592314976899
0.158316633266533 0.954142711864014 0.952212327627729
0.162324649298597 0.956764372031513 0.954410421908344
0.166332665330661 0.958963179055517 0.956186912860947
0.170340681362725 0.960739067228021 0.957542353201289
0.174348697394789 0.962092206902401 0.958477531929677
0.178356713426854 0.963023003849163 0.958993472780615
0.182364729458918 0.963532098455759 0.959091432513222
0.186372745490982 0.96362036477139 0.958772899044678
0.190380761523046 0.963288909397831 0.958039589429086
0.19438877755511 0.962539070227448 0.956893447684249
0.198396793587174 0.961372415029666 0.955336642469009
0.202404809619238 0.959790739887285 0.953371564613864
0.206412825651302 0.957796067484133 0.951000824507738
0.210420841683367 0.955390645245676 0.948227249343855
0.214428857715431 0.952576943334299 0.945053880227799
0.218436873747495 0.949357652501087 0.941483969150908
0.222444889779559 0.945735681796042 0.937520975832303
0.226452905811623 0.941714156138772 0.933168564432872
0.230460921843687 0.937296413751798 0.928430600144695
0.234468937875751 0.932486003458706 0.923311145659446
0.238476953907816 0.927286681849505 0.917814457519344
0.24248496993988 0.921702410315604 0.911944982354423
0.246492985971944 0.915737351956954 0.905707353009823
0.250501002004008 0.909395868363963 0.899106384566985
0.254509018036072 0.902682516276905 0.892147070262633
0.258517034068136 0.895602044125601 0.884834577309502
0.2625250501002 0.888159388452275 0.877174242622858
0.266533066132264 0.880359670220526 0.869171568456845
0.270541082164329 0.87220819101346 0.860832217954809
0.274549098196393 0.863710429124105 0.852162010617745
0.278557114228457 0.854872035541291 0.843166917695066
0.282565130260521 0.845698829834248 0.833853057501942
0.286573146292585 0.836196795939262 0.824226690667451
0.290581162324649 0.826372077851757 0.814294215317853
0.294589178356713 0.816230975227282 0.804062162199284
0.298597194388778 0.805779938894884 0.793537189744199
0.302605210420842 0.795025566286449 0.7827260790859
0.306613226452906 0.783974596785621 0.77163572902551
0.31062124248497 0.77263390699997 0.760273150955715
0.314629258517034 0.761010505960101 0.748645463745645
0.318637274549098 0.749111530249487 0.736759888591243
0.322645290581162 0.736944239068787 0.724623743835423
0.326653306613226 0.724516009238501 0.712244439762385
0.330661322645291 0.711834330143808 0.699629473370344
0.334669338677354 0.69890679862548 0.686786423126998
0.338677354709419 0.685741113820791 0.673722943711955
0.342685370741483 0.672345071958358 0.660446760750384
0.346693386773547 0.658726561110869 0.646965665542043
0.350701402805611 0.644893555909671 0.633287509789889
0.354709418837675 0.630854112225208 0.61942020033234
0.358717434869739 0.616616361817304 0.605371693883312
0.362725450901803 0.602188506959281 0.591149991784003
0.366733466933868 0.587578815039939 0.576763134770455
0.370741482965932 0.572795613147373 0.562219197760775
0.374749498997996 0.557847282638651 0.547526284665896
0.37875751503006 0.542742253699322 0.532692523227673
0.382765531062124 0.527488999896758 0.517726059888068
0.386773547094188 0.512096032731278 0.502635054693084
0.390781563126252 0.496571896189017 0.487427676235054
0.394789579158316 0.480925161300462 0.472112096636823
0.398797595190381 0.465164420708566 0.456696486581269
0.402805611222445 0.449298283250323 0.441189010389571
0.406813627254509 0.433335368555651 0.425597821151477
0.410821643286573 0.417284301667396 0.409931055910843
0.414829659318637 0.401153707686256 0.394196830909545
0.418837675350701 0.384952206444354 0.378403236892818
0.422845691382765 0.368688407211168 0.362558334479002
0.42685370741483 0.352370903435482 0.346670149596544
0.430861723446894 0.336008267526962 0.330746668991039
0.434869739478958 0.319609045680927 0.314795835805029
0.438877755511022 0.303181752749817 0.298825545233099
0.442885771543086 0.286734867164814 0.282843640254817
0.44689378757515 0.270276825911028 0.266857907447896
0.450901803607214 0.253816019559557 0.250876072883876
0.454909819639278 0.237360787359723 0.234905798108541
0.458917835671343 0.220919412394678 0.218954676209173
0.462925851703407 0.204500116803526 0.203030227970645
0.466933867735471 0.188111057073038 0.187139898122244
0.470941883767535 0.171760319401956 0.171291051677042
0.474949899799599 0.155455915140817 0.155490970365507
0.478957915831663 0.139205776310152 0.139746849164936
0.482965931863727 0.12301775119983 0.124065792926227
0.486973947895792 0.106899600052242 0.108454813099356
0.490981963927856 0.0908589908319483 0.092920824558866
0.49498997995992 0.0749034950843111 0.0774706425305371
0.498997995991984 0.059040583885563 0.0621109796203396
0.503006012024048 0.0432776238866743 0.046848442946628
0.507014028056112 0.0276218734532897 0.0316895313764722
0.511022044088176 0.0120804789039242 0.0166406328669075
0.51503006012024 -0.00333952915148989 0.00170802191176023
0.519038076152305 -0.0186312393707002 -0.0131021429053475
0.523046092184369 -0.0337878631339641 -0.0277838212513415
0.527054108216433 -0.0488027378927898 -0.042331093277014
0.531062124248497 -0.0636693304108657 -0.0567381617430103
0.535070140280561 -0.07838123989555 -0.0709993540383189
0.539078156312625 -0.0929322010183846 -0.0851091240911386
0.543086172344689 -0.107316086823198 -0.0990620541721465
0.547094188376753 -0.121526911520445 -0.112852856590226
0.551102204408817 -0.135558833166567 -0.126476375280858
0.555110220440882 -0.149406156227189 -0.139927587287438
0.559118236472946 -0.163063334023143 -0.15320160413584
0.56312625250501 -0.176524971058342 -0.166293673102722
0.567134268537074 -0.189785825228667 -0.179199178378043
0.571142284569138 -0.202840809911109 -0.19191364212242
0.575150300601202 -0.215684995932516 -0.204432725420024
0.579158316633266 -0.22831361341738 -0.216752229127736
0.58316633266533 -0.240722053514222 -0.228868094621444
0.587174348697395 -0.252905870000193 -0.240776404440366
0.591182364729459 -0.264860780763652 -0.252473382830401
0.595190380761523 -0.27658266916453 -0.263955396187551
0.599198396793587 -0.288067585272432 -0.275218953402548
0.603206412825651 -0.299311746982486 -0.286260706107866
0.607214428857715 -0.310311541009068 -0.29707744882838
0.611222444889779 -0.321063523757618 -0.307666119036977
0.615230460921844 -0.331564422074848 -0.318023797116505
0.619238476953908 -0.341811133877747 -0.32814770622947
0.623246492985972 -0.351800728661874 -0.338035212096998
0.627254509018036 -0.361530447889518 -0.34768382268857
0.6312625250501 -0.370997705258401 -0.357091187824127
0.635270541082164 -0.380200086851673 -0.366255098690197
0.639278557114228 -0.389135351170048 -0.375173487271691
0.643286573146292 -0.397801429047016 -0.383844425701138
0.647294589178357 -0.406196423448138 -0.392266125527076
0.651302605210421 -0.414318609155517 -0.400436936903436
0.655310621242485 -0.42216643233863 -0.408355347701743
0.659318637274549 -0.429738510012766 -0.416019982548011
0.663326653306613 -0.437033629386416 -0.423429601786236
0.667334669338677 -0.444050747099005 -0.430583100370423
0.671342685370741 -0.450788988350463 -0.4374795066871
0.675350701402806 -0.457247645924181 -0.444117981310302
0.67935871743487 -0.463426179104983 -0.45049781569105
0.683366733466934 -0.469324212493795 -0.456618430783326
0.687374749498998 -0.474941534720782 -0.462479375608599
0.691382765531062 -0.480278097058762 -0.46808032576097
0.695390781563126 -0.485334011938801 -0.473421081854993
0.69939879759519 -0.490109551369911 -0.478501567918259
0.703406813627254 -0.494605145264876 -0.483321829730847
0.707414829659319 -0.498821379674239 -0.487882033113721
0.711422845691383 -0.5027589949306 -0.492182462168195
0.715430861723447 -0.506418883705343 -0.496223517468563
0.719438877755511 -0.509802088980045 -0.500005714209999
0.723446893787575 -0.5129098019348 -0.503529680313835
0.727454909819639 -0.51574335975578 -0.506796154492332
0.731462925851703 -0.518304243364369 -0.509805984275006
0.735470941883767 -0.520594075070256 -0.512560123998651
0.739478957915832 -0.522614616150926 -0.515059632763082
0.743486973947896 -0.524367764359989 -0.517305672354728
0.74749498997996 -0.525855551366855 -0.519299505140078
0.751503006012024 -0.527080140130266 -0.521042491931067
0.755511022044088 -0.528043822208254 -0.522536089824416
0.759519038076152 -0.528749015007078 -0.523781850016923
0.763527054108216 -0.529198258971765 -0.524781415598732
0.76753507014028 -0.529394214720858 -0.525536519326521
0.771543086172344 -0.529339660128027 -0.526048981378581
0.775551102204409 -0.529037487353184 -0.526320707093709
0.779559118236473 -0.528490699825785 -0.526353684695821
0.783567134268537 -0.527702409183 -0.526149983006163
0.787575150300601 -0.526675832165435 -0.525711749144975
0.791583166332665 -0.525414287473113 -0.525041206224435
0.795591182364729 -0.523921192584411 -0.524140651034682
0.799599198396793 -0.522200060540665 -0.523012451724665
0.803607214428858 -0.520254496699139 -0.521659045479595
0.807615230460922 -0.518088195457079 -0.520082936196655
0.811623246492986 -0.515704936949521 -0.518286692160679
0.81563126252505 -0.513108583723586 -0.516272943721415
0.819639278557114 -0.510303077391903 -0.514044380973987
0.823647294589178 -0.507292435267866 -0.511603751444118
0.827655310621242 -0.504080746985367 -0.508953857779644
0.831663326653306 -0.500672171105653 -0.506097555449832
0.835671342685371 -0.497070931713939 -0.503037750453939
0.839679358717435 -0.493281315008376 -0.499777397040446
0.843687374749499 -0.489307665883973 -0.496319495438358
0.847695390781563 -0.485154384514022 -0.492667089601892
0.851703406813627 -0.480825922931579 -0.488823264969886
0.855711422845691 -0.4763267816135 -0.484791146241181
0.859719438877755 -0.471661506069531 -0.480573895167206
0.86372745490982 -0.466834683438885 -0.476174708362962
0.867735470941884 -0.461850939096743 -0.471596815137542
0.871743486973948 -0.456714933273055 -0.466843475345305
0.875751503006012 -0.451431357686001 -0.461917977258772
0.879759519038076 -0.446004932192419 -0.456823635464264
0.88376753507014 -0.440440401457476 -0.451563788781282
0.887775551102204 -0.434742531645821 -0.446141798206569
0.891783567134268 -0.428916107136415 -0.440561044883763
0.895791583166333 -0.422965927263179 -0.434824928099516
0.899799599198397 -0.41689680308358 -0.428936863306896
0.903807615230461 -0.410713554177203 -0.422900280176865
0.907815631262525 -0.40442100547634 -0.416718620678589
0.911823647294589 -0.398023984130539 -0.410395337189283
0.915831663326653 -0.391527316407057 -0.40393389063426
0.919839679358717 -0.384935824629063 -0.397337748657816
0.923847695390781 -0.378254324153416 -0.390610383825559
0.927855711422846 -0.371487620389792 -0.383755271858713
0.93186372745491 -0.364640505862844 -0.376775889900938
0.935871743486974 -0.357717757319085 -0.369675714818141
0.939879759519038 -0.350724132880081 -0.362458221531707
0.943887775551102 -0.343664369243492 -0.355126881385586
0.947895791583166 -0.336543178933478 -0.347685160547588
0.95190380761523 -0.329365247601885 -0.340136518445228
0.955911823647294 -0.322135231381597 -0.332484406236429
0.959919839679358 -0.314857754293379 -0.324732265315354
0.963927855711423 -0.307537405707464 -0.316883525853586
0.967935871743487 -0.300178737861098 -0.308941605376877
0.971943887775551 -0.292786263433191 -0.30090990737764
0.975951903807615 -0.285364453177141 -0.292791819963292
0.979959919839679 -0.277917733612896 -0.284590714540594
0.983967935871743 -0.270450484779179 -0.276309944536048
0.987975951903807 -0.262967038046825 -0.267952844152387
0.991983967935872 -0.255471673994054 -0.25952272716121
0.995991983967936 -0.247968620344479 -0.251022885731717
1 -0.240462049968584 -0.242456589295539
