# N Error(estimated) Error(exact)
10 0.505964425626941 0.0584073464102071
11 0.465165199321332 0.13113461913748
12.1 0.569275042553311 0.80825932025646
13.31 0.400273006515687 0.243022731025591
14.641 0.275321174759838 0.572693060695921
16.1051 0.3903123748999 0.108407346410207
17.71561 0.411517473974215 0.0827691241780286
19.487171 0.453075862609659 0.825803179905582
21.4358881 0.411475599898912 0.474925986923127
23.57947691 0.316136785790047 0.162755172497163
25.937424601 0.373180921270099 0.421592653589793
28.5311670611 0.289515529777778 0.144121632124492
31.38428376721 0.264234260114112 0.213246056087626
34.522712143931 0.320923763340538 0.435710300648616
37.9749833583241 0.224810916717853 0.317866805869667
41.7724816941566 0.247563246708197 0.0779195415321583
45.9497298635722 0.281091347570523 0.474925986923127
50.5447028499294 0.259229627936314 0.341592653589793
55.5991731349224 0.208028201289947 0.13113461913748
61.1590904484146 0.225284590549719 0.190772981458645
67.2749994932561 0.212646015839282 0.156518026724121
74.0024994425817 0.176949363745873 0.155704643707504
81.4027493868399 0.188323756397591 0.0798642585280649
89.5430243255239 0.154372391037826 0.229193863264139
98.4973267580763 0.17375701954229 0.121184490324487
108.347059433884 0.14017466115433 0.228777716780577
119.181765377272 0.151519210065317 0.0155422334217259
131.099941915 0.135191864462612 0.125582918929291
144.2099361065 0.140098895846056 0.0582593202564596
158.63092971715 0.123187946287281 0.124230131220334
174.494022688864 0.113010583936802 0.19174067974354
191.943424957751 0.118835855864521 0.000231397045290294
211.137767453526 0.117891199839004 0.108417298139556
232.251544198879 0.112377239959198 0.107109894969104
255.476698618767 0.100925151835418 0.0427210719004028
281.024368480643 0.103202628621756 0.138033934728583
309.126805328708 0.0952511532691247 0.0477415209037089
340.039485861578 0.0832355080878074 0.140760287586677
374.043434447736 0.0873882741998102 0.0720739370122532
411.44777789251 0.0792087621927725 0.0506214583323481
452.592555681761 0.0751325067580726 0.0619471694190565
497.851811249937 0.0747275166440543 0.034952814555588
547.636992374931 0.0714026755813253 0.0410442075203235
602.400691612424 0.0672684399400161 0.0120245472775009
662.640760773666 0.0634851684843813 0.0124858962591494
728.904836851033 0.0616635672616233 0.0317025436996832
801.795320536137 0.0577896890308552 0.00946851994329068
881.97485258975 0.0537672102742378 0.0638557005532263
970.172337848725 0.054705450533752 0.0941699731774222
1067.1895716336 0.0507468344512721 0.022567348997478
1173.90852879696 0.0482411468265719 0.014567930657142
1291.29938167665 0.0462890675804099 0.0308258061846809
1420.42931984432 0.0436962577594918 0.00638138598415949
1562.47225182875 0.040705468145389 0.0466275768839584
1718.71947701163 0.0392759218708085 0.0202234116022906
1890.59142471279 0.0376514561713372 0.007613695616556
2079.65056718407 0.0366948577398604 0.0458735578706975
2287.61562390248 0.0344957390817646 0.0108536942544193
2516.37718629272 0.0331720624942676 0.0318947203624482
2768.014904922 0.0319131758992775 0.0548874512776543
3044.8163954142 0.0293718922802035 0.0305492649384593
3349.29803495562 0.0282365967096102 0.0115874001575942
3684.22783845118 0.0268852193620852 0.0147591379411516
4052.6506222963 0.0258671234806848 0.00635079771615032
4457.91568452592 0.0246679949001786 0.00674858807487277
4903.70725297852 0.0233695802403174 0.00831556586768212
5394.07797827637 0.0223768009979496 0.0018077073532341
5933.48577610401 0.0214331256438491 0.0126528255095639
6526.83435371441 0.0206044588515338 0.0327970667065567
7179.51778908585 0.0192633581875616 0.0142786376764001
7897.46956799444 0.0185905712779406 0.0143291357982265
8687.21652479388 0.0176389491942589 0.00264940505750344
9555.93817727327 0.0166473912457718 0.0211493662950839
10511.5319950006 0.0157810659162611 0.0341280199902658
11562.6851945007 0.015199721181514 0.0111490865935662
12718.9537139507 0.0144690985091943 0.0148784896717258
13990.8490853458 0.013817450983246 0.0112307917282912
15389.9339938804 0.0132501713591388 0.00220737839322416
16928.9273932684 0.0125132862104684 0.0200330552948951
18621.8201325953 0.0120177210273063 0.00324382135784651
20484.0021458548 0.0114531513583124 0.00427729368612972
22532.4023604403 0.0110138188717491 0.0160822683598978
24785.6425964843 0.0104545317088295 0.0053408884092403
27264.2068561327 0.009964041768013 0.00441542354284463
29990.627541746 0.00951791439480361 0.00881506105894969
32989.6902959206 0.00906200842729777 0.00539573946690375
36288.6593255127 0.00862327731443602 0.000719637716777299
39917.5252580639 0.00817470725850919 0.0127526128380446
43909.2777838703 0.00783873744380119 0.000550953710497293
48300.2055622574 0.00747002604854701 0.000684779122422263
53130.2261184831 0.00708858019867698 0.0118046737205777
58443.2487303314 0.0067986078395695 0.00198654165166534
64287.5736033646 0.0064743856155573 0.000877830333861684
70716.330963701 0.00617525161465884 4.4316827085833E-05
77787.9640600711 0.0058865642736873 0.000577631933494693
85566.7604660783 0.00561057723364921 0.00143144476703094
94123.4365126861 0.00536183778355695 0.00403860197647843
