101 0.0158094698035093
101.232 0.0161068365593458
101.464 0.0164126676817816
101.696 0.0167272872878667
101.928 0.0170510351483553
102.16 0.0173842676031733
102.392 0.0177273585399196
102.624 0.0180807004404082
102.856 0.0184447055007076
103.088 0.0188198068306327
103.32 0.0192064597391913
103.552 0.019605143113092
103.784 0.0200163608960886
104.016 0.020440643677671
104.248 0.0208785504004341
104.48 0.0213306701963539
104.712 0.0217976243632088
104.944 0.022280068493491
105.176 0.0227786947693959
105.408 0.0232942344388456
105.64 0.0238274604890406
105.872 0.024379190535739
106.104 0.0249502899483676
106.336 0.0255416752332052
106.568 0.0261543176992561
106.8 0.0267892474341108
107.032 0.0274475576200819
107.264 0.0281304092242768
107.496 0.0288390361000501
107.728 0.0295747505415538
107.96 0.0303389493379097
108.192 0.0311331203789714
108.424 0.0319588498707959
108.656 0.0328178302259143
108.888 0.0337118687014078
109.12 0.034642896866787
109.352 0.035612980993916
109.584 0.0366243334729021
109.816 0.037679325371219
110.048 0.0387805002686033
110.28 0.0399305895177794
110.512 0.0411325291011851
110.744 0.0423894782770263
110.976 0.0437048402346943
111.208 0.0450822850104381
111.44 0.0465257749499166
111.672 0.0480395930457297
111.904 0.0496283745262551
112.136 0.0512971421283421
112.368 0.0530513455521082
112.6 0.0548969056730287
112.832 0.0568402641768536
113.064 0.0588884393892427
113.296 0.0610490891975406
113.528 0.0633305821106846
113.76 0.0657420776795739
113.992 0.068293617710131
114.224 0.0709962299518911
114.456 0.0738620462450953
114.688 0.076904437469888
114.92 0.0801381680759562
115.152 0.083579573496854
115.384 0.0872467643917118
115.616 0.0911598624350189
115.848 0.0953412733268153
116.08 0.0998160038643721
116.312 0.104612031357739
116.544 0.109760735456629
116.776 0.115297404676911
117.008 0.121261832690679
117.24 0.127699022929976
117.472 0.134660024454682
117.704 0.142202927618747
117.936 0.15039405519298
118.168 0.159309393743648
118.4 0.16903632186516
118.632 0.179675707189436
118.864 0.19134446412634
119.096 0.204178690651442
119.328 0.218337537393899
119.56 0.234008008916682
119.792 0.251410959818946
120.024 0.270808633351434
120.256 0.292514206511795
120.488 0.316903965882533
120.72 0.344432961385687
120.952 0.375655297880022
121.184 0.411250667282335
121.416 0.452059356311955
121.648 0.499128876122167
121.88 0.553776683405603
122.112 0.617675397570622
122.344 0.692969761134291
122.576 0.782438769667703
122.808 0.889722505700609
123.04 1.01964197442712
123.272 1.1786522676307
123.504 1.37548421630979
123.736 1.62204279103134
123.968 1.93462445130619
124.2 2.33543573919193
124.432 2.85408613670089
124.664 3.52778640529833
124.896 4.39651861581797
125.128 5.48422083566549
125.36 6.75083984131304
125.592 8.01166994888601
125.824 8.89632837585532
126.056 9.01764336657249
126.288 8.31384372367287
126.52 7.11395953941317
126.752 5.82221716468589
126.984 4.67633123737994
127.216 3.7477098537768
127.448 3.02374071534723
127.68 2.46607574830362
127.912 2.03587743539325
128.144 1.70133228768588
128.376 1.43831001511452
128.608 1.22903580747678
128.84 1.06052267025606
129.072 0.923261791645758
129.304 0.81024057220941
129.536 0.716236916410269
129.768 0.63731996058959
130 0.570497880037014
130.232 0.513468536493529
130.464 0.464441671581713
130.696 0.422010978442334
130.928 0.385061153096654
131.16 0.352699674905138
131.392 0.324206229310216
131.624 0.298994838242551
131.856 0.276585233136577
132.088 0.2565810153009
132.32 0.238652847653512
132.552 0.222525410194834
132.784 0.207967195701606
133.016 0.194782466777535
133.248 0.182804870896455
133.48 0.171892337074332
133.712 0.161922970497767
133.944 0.152791729648762
134.176 0.144407721065256
134.408 0.13669198470133
134.64 0.129575671335075
134.872 0.122998535074989
135.104 0.116907680511687
135.336 0.11125651674044
135.568 0.106003880286009
135.8 0.101113296591094
136.032 0.0965523557005843
136.264 0.0922921824722802
136.496 0.0883069853617406
136.728 0.0845736707842907
136.96 0.0810715124187117
137.192 0.0777818667128728
137.424 0.0746879273803387
137.656 0.0717745129152029
137.888 0.0690278821594711
138.12 0.0664355737797191
138.352 0.0639862661839481
138.584 0.0616696549643358
138.816 0.0594763454097424
139.048 0.0573977580115229
139.28 0.0554260452019168
139.512 0.0535540178276715
139.744 0.0517750800819716
139.976 0.0500831718027601
140.208 0.0484727172012997
140.44 0.0469385792163255
140.672 0.0454760188004707
140.904 0.0440806585401542
141.136 0.0427484500905446
141.368 0.0414756449758425
141.6 0.0402587683638092
141.832 0.0390945954737908
142.064 0.0379801303207175
142.296 0.0369125865347946
142.528 0.035889370028734
142.76 0.034908063312168
142.992 0.0339664112769711
143.224 0.033062308298133
143.456 0.03219378651302
143.688 0.0313590051577264
143.92 0.0305562408530688
144.152 0.0297838787448933
144.384 0.0290404044139895
144.616 0.0283243964802234
144.848 0.0276345198337049
145.08 0.0269695194330211
145.312 0.0263282146169381
145.544 0.0257094938816019
145.776 0.0251123100802451
146.008 0.0245356760068207
146.24 0.0239786603288969
146.472 0.0234403838386277
146.704 0.022920015993707
146.936 0.022416771722975
147.168 0.0219299084738043
147.4 0.0214587234805907
147.632 0.0210025512356437
147.864 0.020560761145527
148.096 0.0201327553574821
148.328 0.0197179667419832
148.56 0.0193158570187464
148.792 0.0189259150146584
149.024 0.0185476550431281
149.256 0.0181806153952877
149.488 0.0178243569343147
149.72 0.0174784617849031
149.952 0.0171425321105977
150.184 0.0168161889723281
150.416 0.0164990712620405
150.648 0.0161908347058369
150.88 0.015891150931495
151.112 0.0155997065956627
151.344 0.0153162025664049
151.576 0.0150403531571291
151.808 0.0147718854082336
152.04 0.0145105384131136
152.272 0.0142560626854225
152.504 0.0140082195647296
152.736 0.0137667806579363
152.968 0.0135315273140126
153.2 0.013302250129804
153.432 0.0130787484848266
153.664 0.0128608301031244
153.896 0.0126483106404041
154.128 0.0124410132947974
154.36 0.0122387684397163
154.592 0.0120414132773822
154.824 0.0118487915117086
155.056 0.0116607530393128
155.288 0.011477153657517
155.52 0.0112978547882812
155.752 0.0111227232170812
155.984 0.0109516308458162
156.216 0.010784454458889
156.448 0.0106210755016658
156.68 0.0104613798705693
156.912 0.0103052577141157
157.144 0.010152603244246
157.376 0.0100033145573489
157.608 0.00985729346441066
157.84 0.00971444532976337
158.072 0.00957467891793855
158.304 0.00943790624816374
158.536 0.0093040424560692
158.768 0.00917300566219973
159 0.00904471684695147
