5 0.0275
10 0.0113
15 0.0197
20 0.0411
25 0.0736
30 0.1202
35 0.1995
40 0.4503
45 0.3857
50 1.273
55 0.7903
60 0.9791
65 1.0689
70 1.4796
75 1.7204
80 2.1712
85 2.5341
90 3.3989
95 4.3367
100 3.992
105 4.5911
110 5.2943
115 5.976
120 6.7143
125 7.6126
130 9.4306
135 9.5962
140 10.927
145 12.023
150 13.1174
155 14.3165
160 16.0558
165 18.8086
170 18.9896
175 20.5928
180 22.6746
185 24.2413
190 27.883
195 29.5733
200 30.9613
205 35.5607
210 36.9599
215 38.7167
220 44.2696
225 46.1799
230 51.8761
235 54.1094
240 56.6597
245 59.3333
250 63.0998
