0.3000000000 0.4369084690 0.4444909324
0.6000000000 0.6501464980 0.6585739633
0.9000000000 0.7255931927 0.7318253875
1.2000000000 0.7198177851 0.7228661086
1.5000000000 0.6694576562 0.6693904804
1.8000000000 0.5977157858 0.5950759976
2.1000000000 0.5188378481 0.5143169987
2.4000000000 0.4411775260 0.4354461758
2.7000000000 0.3692794684 0.3629097688
3.0000000000 0.3052819357 0.2987224102
3.3000000000 0.2498509510 0.2434289048
3.6000000000 0.2027938810 0.1967308016
3.9000000000 0.1634553706 0.1578869093
4.2000000000 0.1309668252 0.1259628453
4.5000000000 0.1043984989 0.0999809688
4.8000000000 0.0828476791 0.0790055717
5.1000000000 0.0654857296 0.0621868150
5.4000000000 0.0515792638 0.0487790742
5.7000000000 0.0404956162 0.0381440062
6.0000000000 0.0316992485 0.0297450261
6.3000000000 0.0247433729 0.0231374402
6.6000000000 0.0192594736 0.0179568581
6.9000000000 0.0149463252 0.0139074389
7.2000000000 0.0115594635 0.0107508356
7.5000000000 0.0089015528 0.0082962656
7.8000000000 0.0068138872 0.0063918657
8.1000000000 0.0051690143 0.0049173340
8.4000000000 0.0038644653 0.0037777710
8.7000000000 0.0028174138 0.0028985931
9.0000000000 0.0019601767 0.0022213765
9.3000000000 0.0012363503 0.0017004907
9.6000000000 0.0005974698 0.0013003917
