0.3000000000 0.2267381190 0.2528455334
0.6000000000 0.3135037469 0.3554662044
0.9000000000 0.3007848876 0.3541452041
1.2000000000 0.2226961190 0.2848389618
1.5000000000 0.1073433648 0.1750903198
1.8000000000 -0.0227509714 0.0456273426
2.1000000000 -0.1501759109 -0.0883047269
2.4000000000 -0.2621259166 -0.2158376051
2.7000000000 -0.3498735492 -0.3295652759
3.0000000000 -0.4082325873 -0.4247905888
3.3000000000 -0.4350225522 -0.4989076126
3.6000000000 -0.4305445973 -0.5508979639
3.9000000000 -0.3970776029 -0.5809225546
4.2000000000 -0.3384021604 -0.5899929806
4.5000000000 -0.2593588880 -0.5797091611
4.8000000000 -0.1654462868 -0.5520518827
5.1000000000 -0.0624620845 -0.5092206593
5.4000000000 0.0438091982 -0.4535088194
5.7000000000 0.1478609129 -0.3872090158
6.0000000000 0.2446807444 -0.3125434488
6.3000000000 0.3299195681 -0.2316140249
6.6000000000 0.4000142513 -0.1463684698
6.9000000000 0.4522667695 -0.0585790841
7.2000000000 0.4848827461 0.0301685960
7.5000000000 0.4969731047 0.1184794901
7.8000000000 0.4885230213 0.2051468679
8.1000000000 0.4603326904 0.2891459527
8.4000000000 0.4139346750 0.3696244570
8.7000000000 0.3514926891 0.4458910289
9.0000000000 0.2756866878 0.5174023918
9.3000000000 0.1895890003 0.5837497919
9.6000000000 0.0965360636 0.6446452301
