0.3000000000 -0.1865895706 -0.1551961739
0.6000000000 -0.2649574962 -0.2200117867
0.9000000000 -0.2691377572 -0.2231812390
1.2000000000 -0.2248736640 -0.1862728461
1.5000000000 -0.1513763632 -0.1252550972
1.8000000000 -0.0627416750 -0.0517478694
2.1000000000 0.0309122452 0.0259815523
2.4000000000 0.1225348390 0.1022287055
2.7000000000 0.2074182187 0.1732284662
3.0000000000 0.2826224204 0.2366652740
3.3000000000 0.3465221897 0.2912905554
3.6000000000 0.3984517598 0.3366258186
3.9000000000 0.4384284315 0.3727339698
4.2000000000 0.4669392321 0.4000447412
4.5000000000 0.4847779020 0.4192228486
4.8000000000 0.4929218091 0.4310697212
5.1000000000 0.4924403923 0.4364514570
5.4000000000 0.4844283426 0.4362471294
5.7000000000 0.4699580420 0.4313127662
6.0000000000 0.4500468940 0.4224572839
6.3000000000 0.4256360141 0.4104274445
6.6000000000 0.3975775245 0.3958995275
6.9000000000 0.3666282132 0.3794759132
7.2000000000 0.3334478537 0.3616851781
7.5000000000 0.2986008017 0.3429846249
7.8000000000 0.2625598362 0.3237644222
8.1000000000 0.2257114254 0.3043527349
8.4000000000 0.1883618032 0.2850213827
8.7000000000 0.1507434023 0.2659916880
9.0000000000 0.1130212868 0.2474402737
9.3000000000 0.0752993574 0.2295046421
9.6000000000 0.0376261313 0.2122884268
