5.0000000000 -0.4838901583
5.5000000000 -0.4871188848
6.0000000000 -0.4884134970
6.5000000000 -0.4887261961
7.0000000000 -0.4890408420
7.5000000000 -0.4891600126
8.0000000000 -0.4891875669
8.5000000000 -0.4892143707
9.0000000000 -0.4892240885
9.5000000000 -0.4892262669
10.0000000000 -0.4892283376
10.5000000000 -0.4892290664
11.0000000000 -0.4892292263
11.5000000000 -0.4892293760
12.0000000000 -0.4892294276
12.5000000000 -0.4892294387
13.0000000000 -0.4892294491
13.5000000000 -0.4892294526
14.0000000000 -0.4892294533
14.5000000000 -0.4892294540
15.0000000000 -0.4892294542
15.5000000000 -0.4892294543
16.0000000000 -0.4892294543
16.5000000000 -0.4892294543
17.0000000000 -0.4892294543
17.5000000000 -0.4892294543
18.0000000000 -0.4892294543
18.5000000000 -0.4892294543
19.0000000000 -0.4892294543
19.5000000000 -0.4892294543
20.0000000000 -0.4892294543
