0.0500000000 -0.4996871482
0.0600000000 -0.4995500090
0.0700000000 -0.4993881648
0.0800000000 -0.4992017999
0.0900000000 -0.4989908130
0.1000000000 -0.4987554538
0.1100000000 -0.4984956717
0.1200000000 -0.4982120213
0.1300000000 -0.4979042086
0.1400000000 -0.4975728547
0.1500000000 -0.4972177663
0.1600000000 -0.4968394050
0.1700000000 -0.4964377539
0.1800000000 -0.4960133494
0.1900000000 -0.4955661522
0.2000000000 -0.4950963970
0.2100000000 -0.4946047547
0.2200000000 -0.4940911229
0.2300000000 -0.4935557909
0.2400000000 -0.4929990413
0.2500000000 -0.4924211469
0.2600000000 -0.4918229942
0.2700000000 -0.4912043371
0.2800000000 -0.4905650194
0.2900000000 -0.4899064220
0.3000000000 -0.4892283376
0.3100000000 -0.4885311132
0.3200000000 -0.4878150971
0.3300000000 -0.4870806377
0.3400000000 -0.4863280837
0.3500000000 -0.4855577823
0.3600000000 -0.4847700761
0.3700000000 -0.4839662677
0.3800000000 -0.4831450035
0.3900000000 -0.4823074029
0.4000000000 -0.4814537783
0.4100000000 -0.4805859494
0.4200000000 -0.4797017040
0.4300000000 -0.4788039775
0.4400000000 -0.4778905802
0.4500000000 -0.4769645078
0.4600000000 -0.4760234110
0.4700000000 -0.4750705360
0.4800000000 -0.4741031591
0.4900000000 -0.4731250205
