0.00 0.000000 0.000000
0.10 0.099833 0.099222
0.20 0.198669 0.197531
0.30 0.295520 0.294012
0.40 0.389418 0.387752
0.50 0.479426 0.477838
0.60 0.564642 0.563356
0.70 0.644218 0.643391
0.80 0.717356 0.717032
0.90 0.783327 0.783363
1.00 0.841471 0.841471
1.10 0.891207 0.890583
1.20 0.932039 0.930485
1.30 0.963558 0.961103
1.40 0.985450 0.982364
1.50 0.997495 0.994193
1.60 0.999574 0.996518
1.70 0.991665 0.989265
1.80 0.973848 0.972359
1.90 0.946300 0.945728
2.00 0.909297 0.909297
2.10 0.863209 0.863145
2.20 0.808496 0.807954
2.30 0.745705 0.744558
2.40 0.675463 0.673791
2.50 0.598472 0.596488
2.60 0.515501 0.513483
2.70 0.427380 0.425609
2.80 0.334988 0.333701
2.90 0.239249 0.238593
3.00 0.141120 0.141120
3.10 0.041581 0.042138
3.20 -0.058374 -0.057400
3.30 -0.157746 -0.156521
3.40 -0.255541 -0.254250
3.50 -0.350783 -0.349612
3.60 -0.442520 -0.441632
3.70 -0.529836 -0.529336
3.80 -0.611858 -0.611748
3.90 -0.687766 -0.687896
4.00 -0.756802 -0.756802
4.10 -0.818277 -0.817620
4.20 -0.871576 -0.870002
4.30 -0.916166 -0.913728
4.40 -0.951602 -0.948578
4.50 -0.977530 -0.974331
4.60 -0.993691 -0.990767
4.70 -0.999923 -0.997664
4.80 -0.996165 -0.994803
4.90 -0.982453 -0.981963
5.00 -0.958924 -0.958924
5.10 -0.925815 -0.925626
5.20 -0.883455 -0.882649
5.30 -0.832267 -0.830735
5.40 -0.772764 -0.770627
5.50 -0.705540 -0.703065
5.60 -0.631267 -0.628792
5.70 -0.550686 -0.548549
5.80 -0.464602 -0.463077
5.90 -0.373877 -0.373119
6.00 -0.279415 -0.279415
6.10 -0.182163 -0.182752
6.20 -0.083089 -0.084088
6.30 0.016814 0.015575
6.40 0.116549 0.115234
6.50 0.215120 0.213888
6.60 0.311541 0.310533
6.70 0.404850 0.404168
6.80 0.494113 0.493790
6.90 0.578440 0.578397
7.00 0.656987 0.656987
7.10 0.728969 0.728654
7.20 0.793668 0.792888
7.30 0.850437 0.849272
7.40 0.898708 0.897393
7.50 0.938000 0.936835
7.60 0.967920 0.967184
7.70 0.988168 0.988026
7.80 0.998543 0.998945
7.90 0.998941 0.999527
8.00 0.989358 0.989358
8.10 0.969890 0.968230
8.20 0.940731 0.936763
8.30 0.902172 0.895784
8.40 0.854599 0.846121
8.50 0.798487 0.788602
8.60 0.734397 0.724054
8.70 0.662969 0.653304
8.80 0.584917 0.577180
8.90 0.501021 0.496509
9.00 0.412118 0.412118
9.10 0.319098 0.324747
9.20 0.222890 0.234772
9.30 0.124454 0.142484
9.40 0.024775 0.048171
9.50 -0.075151 -0.047877
9.60 -0.174327 -0.145370
9.70 -0.271761 -0.244021
9.80 -0.366479 -0.343539
9.90 -0.457536 -0.443635
10.00 -0.544021 -0.544021
