0.00 0.000000 0.993744 0.000000
0.10 0.099222 0.989176 0.004965
0.20 0.197531 0.975472 0.019814
0.30 0.294012 0.952631 0.044410
0.40 0.387752 0.920653 0.078525
0.50 0.477838 0.879539 0.121839
0.60 0.563356 0.829289 0.173940
0.70 0.643391 0.769902 0.234327
0.80 0.717032 0.701379 0.302405
0.90 0.783363 0.623720 0.377490
1.00 0.841471 0.536924 0.458804
1.10 0.890583 0.445192 0.545483
1.20 0.930485 0.352723 0.636613
1.30 0.961103 0.259517 0.731270
1.40 0.982364 0.165575 0.828522
1.50 0.994193 0.070896 0.927429
1.60 0.996518 -0.024520 1.027044
1.70 0.989265 -0.120672 1.126413
1.80 0.972359 -0.217561 1.224575
1.90 0.945728 -0.315186 1.320561
2.00 0.909297 -0.413548 1.413394
2.10 0.863145 -0.508108 1.502095
2.20 0.807954 -0.594327 1.585722
2.30 0.744558 -0.672203 1.663412
2.40 0.673791 -0.741739 1.734388
2.50 0.596488 -0.802933 1.797953
2.60 0.513483 -0.855786 1.853495
2.70 0.425609 -0.900297 1.900487
2.80 0.333701 -0.936467 1.938483
2.90 0.238593 -0.964296 1.967120
3.00 0.141120 -0.983783 1.986122
3.10 0.042138 -0.994227 1.995294
3.20 -0.057400 -0.994923 1.994531
3.30 -0.156521 -0.985873 1.983828
3.40 -0.254250 -0.967077 1.963274
3.50 -0.349612 -0.938533 1.933057
3.60 -0.441632 -0.900244 1.893463
3.70 -0.529336 -0.852207 1.844874
3.80 -0.611748 -0.794424 1.787772
3.90 -0.687896 -0.726894 1.722733
4.00 -0.756802 -0.649618 1.650434
4.10 -0.817620 -0.566366 1.571644
4.20 -0.870002 -0.480909 1.487191
4.30 -0.913728 -0.393247 1.397932
4.40 -0.948578 -0.303381 1.304741
4.50 -0.974331 -0.211309 1.208519
4.60 -0.990767 -0.117032 1.110186
4.70 -0.997664 -0.020551 1.010684
4.80 -0.994803 0.078136 0.910978
4.90 -0.981963 0.179027 0.812056
5.00 -0.958924 0.282123 0.714926
5.10 -0.925626 0.382614 0.620614
5.20 -0.882649 0.475688 0.530123
5.30 -0.830735 0.561345 0.444382
5.40 -0.770627 0.639586 0.364249
5.50 -0.703065 0.710411 0.290506
5.60 -0.628792 0.773819 0.223860
5.70 -0.548549 0.829810 0.164946
5.80 -0.463077 0.878385 0.114324
5.90 -0.373119 0.919544 0.072480
6.00 -0.279415 0.953286 0.039825
6.10 -0.182752 0.978308 0.016696
6.20 -0.084088 0.993307 0.003342
6.30 0.015575 0.998283 -0.000088
6.40 0.115234 0.993235 0.006457
6.50 0.213888 0.978165 0.022925
6.60 0.310533 0.953072 0.049167
6.70 0.404168 0.917955 0.084932
6.80 0.493790 0.872816 0.129867
6.90 0.578397 0.817653 0.183522
7.00 0.656987 0.752467 0.245346
7.10 0.728654 0.680196 0.314688
7.20 0.792888 0.603779 0.390829
7.30 0.849272 0.523216 0.473004
7.40 0.897393 0.438505 0.560408
7.50 0.936835 0.349649 0.652193
7.60 0.967184 0.256646 0.747472
7.70 0.988026 0.159496 0.845313
7.80 0.998945 0.058200 0.944746
7.90 0.999527 -0.047243 1.044758
8.00 0.989358 -0.156832 1.144293
8.10 0.968230 -0.264358 1.242262
8.20 0.936763 -0.363609 1.337595
8.30 0.895784 -0.454586 1.429298
8.40 0.846121 -0.537288 1.516462
8.50 0.788602 -0.611716 1.598260
8.60 0.724054 -0.677870 1.673948
8.70 0.653304 -0.735749 1.742864
8.80 0.577180 -0.785354 1.804430
8.90 0.496509 -0.826685 1.858149
9.00 0.412118 -0.859742 1.903607
9.10 0.324747 -0.887215 1.940474
9.20 0.234772 -0.911797 1.968470
9.30 0.142484 -0.933486 1.987351
9.40 0.048171 -0.952284 1.996899
9.50 -0.047877 -0.968189 1.996927
9.60 -0.145370 -0.981203 1.987276
9.70 -0.244021 -0.991325 1.967815
9.80 -0.343539 -0.998555 1.938443
9.90 -0.443635 -1.002893 1.899087
10.00 -0.544021 -1.004338 1.849706
