0.00 1.000000 0.000000
0.10 0.954030 0.097702
0.20 0.908060 0.190806
0.30 0.862091 0.279314
0.40 0.816121 0.363224
0.50 0.770151 0.442538
0.60 0.724181 0.517254
0.70 0.678212 0.587374
0.80 0.632242 0.652897
0.90 0.586272 0.713822
1.00 0.540302 0.770151
1.10 0.444657 0.819399
1.20 0.349012 0.859083
1.30 0.253368 0.889202
1.40 0.157723 0.909756
1.50 0.062078 0.920746
1.60 -0.033567 0.922172
1.70 -0.129212 0.914033
1.80 -0.224857 0.896329
1.90 -0.320502 0.869061
2.00 -0.416147 0.832229
2.10 -0.473531 0.787745
2.20 -0.530916 0.737523
2.30 -0.588301 0.681562
2.40 -0.645685 0.619863
2.50 -0.703070 0.552425
2.60 -0.760454 0.479249
2.70 -0.817839 0.400334
2.80 -0.875223 0.315681
2.90 -0.932608 0.225289
3.00 -0.989992 0.129159
3.10 -0.956358 0.031842
3.20 -0.922723 -0.062112
3.30 -0.889088 -0.152703
3.40 -0.855453 -0.239930
3.50 -0.821818 -0.323793
3.60 -0.788183 -0.404293
3.70 -0.754548 -0.481430
3.80 -0.720913 -0.555203
3.90 -0.687279 -0.625613
4.00 -0.653644 -0.692659
4.10 -0.559913 -0.753337
4.20 -0.466182 -0.804641
4.30 -0.372452 -0.846573
4.40 -0.278721 -0.879132
4.50 -0.184991 -0.902317
4.60 -0.091260 -0.916130
4.70 0.002470 -0.920569
4.80 0.096201 -0.915636
4.90 0.189932 -0.901329
5.00 0.283662 -0.877650
5.10 0.351313 -0.845901
5.20 0.418964 -0.807387
5.30 0.486615 -0.762108
5.40 0.554265 -0.710064
5.50 0.621916 -0.651255
5.60 0.689567 -0.585681
5.70 0.757218 -0.513342
5.80 0.824869 -0.434237
5.90 0.892519 -0.348368
6.00 0.960170 -0.255733
6.10 0.939543 -0.160748
6.20 0.918917 -0.067825
6.30 0.898290 0.023036
6.40 0.877663 0.111833
6.50 0.857036 0.198568
6.60 0.836409 0.283241
6.70 0.815783 0.365850
6.80 0.795156 0.446397
6.90 0.774529 0.524881
7.00 0.753902 0.601303
7.10 0.663962 0.672196
7.20 0.574022 0.734095
7.30 0.484082 0.787001
7.40 0.394141 0.830912
7.50 0.304201 0.865829
7.60 0.214261 0.891752
7.70 0.124321 0.908681
7.80 0.034380 0.916616
7.90 -0.055560 0.915557
8.00 -0.145500 0.905504
8.10 -0.222063 0.887126
8.20 -0.298626 0.861091
8.30 -0.375189 0.827401
8.40 -0.451752 0.786054
8.50 -0.528315 0.737050
8.60 -0.604878 0.680391
8.70 -0.681441 0.616075
8.80 -0.758004 0.544102
8.90 -0.834567 0.464474
9.00 -0.911130 0.377189
9.10 -0.903924 0.286436
9.20 -0.896719 0.196404
9.30 -0.889513 0.107092
9.40 -0.882307 0.018502
9.50 -0.875101 -0.069369
9.60 -0.867895 -0.156519
9.70 -0.860689 -0.242948
9.80 -0.853483 -0.328657
9.90 -0.846277 -0.413645
10.00 -0.839072 -0.497912
