0.00 0.000000 0.947355 0.000000
0.10 0.093677 0.926178 0.004701
0.20 0.185236 0.905001 0.018665
0.30 0.274677 0.883825 0.041678
0.40 0.362001 0.862648 0.073530
0.50 0.447207 0.841471 0.114008
0.60 0.530295 0.820294 0.162900
0.70 0.611265 0.799117 0.219996
0.80 0.690118 0.777941 0.285083
0.90 0.766853 0.756764 0.357949
1.00 0.841471 0.735587 0.438383
1.10 0.908352 0.602035 0.525985
1.20 0.961878 0.468483 0.619608
1.30 1.002049 0.334931 0.717916
1.40 1.028864 0.201379 0.819573
1.50 1.042324 0.067826 0.923243
1.60 1.042429 -0.065726 1.027592
1.70 1.029179 -0.199278 1.131284
1.80 1.002574 -0.332830 1.232983
1.90 0.962613 -0.466382 1.331354
2.00 0.909297 -0.599934 1.425060
2.10 0.847622 -0.633583 1.512934
2.20 0.782581 -0.667231 1.594473
2.30 0.714175 -0.700880 1.669338
2.40 0.642405 -0.734529 1.737196
2.50 0.567270 -0.768177 1.797707
2.60 0.488769 -0.801826 1.850537
2.70 0.406904 -0.835475 1.895349
2.80 0.321674 -0.869123 1.931806
2.90 0.233080 -0.902772 1.959572
3.00 0.141120 -0.936421 1.978310
3.10 0.047863 -0.928721 1.987752
3.20 -0.044624 -0.921021 1.987908
3.30 -0.136341 -0.913322 1.978853
3.40 -0.227289 -0.905622 1.960665
3.50 -0.317466 -0.897923 1.933421
3.60 -0.406873 -0.890223 1.897198
3.70 -0.495510 -0.882523 1.852072
3.80 -0.583378 -0.874824 1.798121
3.90 -0.670475 -0.867124 1.735422
4.00 -0.756802 -0.859424 1.664052
4.10 -0.836172 -0.727964 1.584294
4.20 -0.902395 -0.596503 1.497256
4.30 -0.955473 -0.465043 1.404253
4.40 -0.995404 -0.333582 1.306600
4.50 -1.022189 -0.202122 1.205610
4.60 -1.035828 -0.070661 1.102600
4.70 -1.036321 0.060799 0.998883
4.80 -1.023668 0.192260 0.895774
4.90 -0.997869 0.323720 0.794588
5.00 -0.958924 0.455181 0.696638
5.10 -0.911163 0.500046 0.603097
5.20 -0.858915 0.544912 0.514555
5.30 -0.802181 0.589778 0.431463
5.40 -0.740960 0.634643 0.354269
5.50 -0.675252 0.679509 0.283421
5.60 -0.605058 0.724374 0.219368
5.70 -0.530377 0.769240 0.162559
5.80 -0.451210 0.814106 0.113442
5.90 -0.367556 0.858971 0.072466
6.00 -0.279415 0.903837 0.040080
6.10 -0.188706 0.910350 0.016669
6.20 -0.097346 0.916863 0.002361
6.30 -0.005334 0.923376 -0.002778
6.40 0.087330 0.929889 0.001316
6.50 0.180644 0.936402 0.014709
6.60 0.274610 0.942915 0.037466
6.70 0.369227 0.949428 0.069653
6.80 0.464496 0.955941 0.111334
6.90 0.560416 0.962454 0.162574
7.00 0.656987 0.968967 0.223438
7.10 0.747517 0.841648 0.293770
7.20 0.825316 0.714329 0.372518
7.30 0.890383 0.587010 0.458409
7.40 0.942718 0.459691 0.550170
7.50 0.982321 0.332372 0.646528
7.60 1.009193 0.205053 0.746210
7.70 1.023332 0.077733 0.847942
7.80 1.024739 -0.049586 0.950452
7.90 1.013415 -0.176905 1.052465
8.00 0.989358 -0.304224 1.152710
8.10 0.956206 -0.358827 1.250034
8.20 0.917593 -0.413430 1.343769
8.30 0.873520 -0.468033 1.433370
8.40 0.823986 -0.522637 1.518291
8.50 0.768992 -0.577240 1.597986
8.60 0.708538 -0.631843 1.671908
8.70 0.642624 -0.686446 1.739511
8.80 0.571249 -0.741049 1.800250
8.90 0.494414 -0.795652 1.853579
9.00 0.412118 -0.850256 1.898951
9.10 0.326034 -0.871432 1.935876
9.20 0.237832 -0.892609 1.964087
9.30 0.147512 -0.913786 1.983372
9.40 0.055075 -0.934963 1.993519
9.50 -0.039480 -0.956140 1.994317
9.60 -0.136153 -0.977316 1.985553
9.70 -0.234944 -0.998493 1.967015
9.80 -0.335852 -1.019670 1.938493
9.90 -0.438878 -1.040847 1.899774
10.00 -0.544021 -1.062024 1.850647
