1.0000 0.0000
1.0000 0.0010
1.0000 0.0030
1.0000 0.0070
0.9999 0.0150
0.9995 0.0310
0.9980 0.0630
0.9919 0.1267
0.9677 0.2522
0.9284 0.3715
0.8745 0.4850
0.8069 0.5908
0.7264 0.6872
0.6346 0.7728
0.5327 0.8463
0.4225 0.9064
0.3055 0.9522
0.1838 0.9830
0.0591 0.9983
-0.0665 0.9978
-0.1910 0.9816
-0.3125 0.9499
-0.4291 0.9033
-0.5389 0.8424
-0.6402 0.7682
-0.7315 0.6819
-0.8112 0.5848
-0.8781 0.4785
-0.9311 0.3647
-0.9695 0.2451
-0.9926 0.1217
-1.0000 -0.0037
-0.9916 -0.1290
-0.9677 -0.2522
-0.9284 -0.3715
-0.8745 -0.4850
-0.8069 -0.5908
-0.7264 -0.6872
-0.6346 -0.7728
-0.5327 -0.8463
-0.4225 -0.9064
-0.3055 -0.9522
-0.1838 -0.9830
-0.0591 -0.9983
0.0665 -0.9978
0.1910 -0.9816
0.3125 -0.9499
0.4291 -0.9033
0.5389 -0.8424
0.6402 -0.7682
0.7315 -0.6819
0.8112 -0.5848
0.8781 -0.4785
0.9311 -0.3647
0.9695 -0.2451
0.9926 -0.1217
1.0000 0.0037
0.9916 0.1290
0.9677 0.2522
0.9284 0.3715
0.8745 0.4850
0.8069 0.5908
0.7264 0.6872
0.6346 0.7728
0.5327 0.8463
0.4225 0.9064
0.3055 0.9522
0.1838 0.9830
0.0591 0.9983
-0.0665 0.9978
-0.1910 0.9816
-0.3125 0.9499
-0.4291 0.9033
-0.5389 0.8424
-0.6402 0.7682
-0.7315 0.6819
-0.8112 0.5848
-0.8781 0.4785
-0.9311 0.3647
-0.9695 0.2451
-0.9926 0.1217
-1.0000 -0.0037
-0.9916 -0.1290
-0.9677 -0.2522
-0.9284 -0.3715
-0.8745 -0.4850
-0.8069 -0.5908
-0.7264 -0.6872
-0.6346 -0.7728
-0.5327 -0.8463
-0.4225 -0.9064
-0.3055 -0.9522
-0.1838 -0.9830
-0.0591 -0.9983
0.0665 -0.9978
0.1910 -0.9816
0.3125 -0.9499
0.4291 -0.9033
0.5389 -0.8424
0.6402 -0.7682
0.7315 -0.6819
0.8112 -0.5848
0.8781 -0.4785
0.9311 -0.3647
0.9695 -0.2451
0.9926 -0.1217
1.0000 0.0037
0.9916 0.1290
0.9677 0.2522
0.9284 0.3715
0.8745 0.4850
0.8069 0.5908
0.7264 0.6872
0.6346 0.7728
0.5327 0.8463
0.4225 0.9064
0.3055 0.9522
0.1838 0.9830
0.0591 0.9983
-0.0665 0.9978
-0.1910 0.9816
-0.3125 0.9499
-0.4291 0.9033
-0.5389 0.8424
-0.6402 0.7682
-0.7315 0.6819
-0.8112 0.5848
-0.8781 0.4785
-0.9311 0.3647
-0.9695 0.2451
-0.9926 0.1217
-1.0000 -0.0037
-0.9916 -0.1290
-0.9677 -0.2522
-0.9284 -0.3715
-0.8745 -0.4850
-0.8069 -0.5908
-0.7264 -0.6872
-0.6346 -0.7728
-0.5327 -0.8463
-0.4225 -0.9064
-0.3055 -0.9522
-0.1838 -0.9830
-0.0591 -0.9983
0.0665 -0.9978
0.1910 -0.9816
0.3125 -0.9499
0.4291 -0.9033
0.5389 -0.8424
0.6402 -0.7682
0.7315 -0.6819
0.8112 -0.5848
0.8781 -0.4785
0.9311 -0.3647
0.9695 -0.2451
0.9926 -0.1217
1.0000 0.0037
0.9916 0.1290
0.9677 0.2522
0.9284 0.3715
0.8745 0.4850
0.8069 0.5908
0.7264 0.6872
0.6346 0.7728
0.5327 0.8463
0.4225 0.9064
0.3055 0.9522
0.1838 0.9830
0.0591 0.9983
-0.0665 0.9978
-0.1910 0.9816
-0.3125 0.9499
-0.4291 0.9033
-0.5389 0.8424
-0.6402 0.7682
-0.7315 0.6819
-0.8112 0.5848
-0.8781 0.4785
-0.9311 0.3647
-0.9695 0.2451
-0.9926 0.1217
-1.0000 -0.0037
-0.9916 -0.1290
-0.9677 -0.2522
-0.9284 -0.3715
-0.8745 -0.4850
-0.8069 -0.5908
-0.7264 -0.6872
-0.6346 -0.7728
-0.5327 -0.8463
-0.4225 -0.9064
-0.3055 -0.9522
-0.1838 -0.9830
-0.0591 -0.9983
0.0665 -0.9978
0.1910 -0.9816
0.3125 -0.9499
0.4291 -0.9033
0.5389 -0.8424
0.6402 -0.7682
0.7315 -0.6819
0.8112 -0.5848
0.8781 -0.4785
0.9311 -0.3647
0.9695 -0.2451
0.9926 -0.1217
1.0000 0.0037
0.9916 0.1290
0.9677 0.2522
0.9284 0.3715
0.8745 0.4850
0.8069 0.5908
0.7264 0.6872
0.6346 0.7728
0.5327 0.8463
0.4225 0.9064
0.3055 0.9522
0.1838 0.9830
0.0591 0.9983
-0.0665 0.9978
-0.1910 0.9816
-0.3125 0.9499
-0.4291 0.9033
-0.5389 0.8424
-0.6402 0.7682
-0.7315 0.6819
-0.8112 0.5848
-0.8781 0.4785
-0.9311 0.3647
-0.9695 0.2451
-0.9926 0.1217
-1.0000 -0.0037
-0.9916 -0.1290
-0.9677 -0.2522
-0.9284 -0.3715
-0.8745 -0.4850
-0.8069 -0.5908
-0.7264 -0.6872
-0.6346 -0.7728
-0.5327 -0.8463
-0.4225 -0.9064
-0.3055 -0.9522
-0.1838 -0.9830
-0.0591 -0.9983
0.0665 -0.9978
0.1910 -0.9816
0.3125 -0.9499
0.4291 -0.9033
0.5389 -0.8424
0.6402 -0.7682
0.7315 -0.6819
0.8112 -0.5848
0.8781 -0.4785
0.9311 -0.3647
0.9695 -0.2451
0.9926 -0.1217
1.0000 0.0000
