0.0000 3.0416
0.1250 3.0377
0.2472 3.0264
0.3500 3.0108
0.4348 2.9931
0.5103 2.9733
0.5767 2.9523
0.6355 2.9305
0.6884 2.9082
0.7366 2.8853
0.7832 2.8607
0.8252 2.8361
0.8659 2.8101
0.9048 2.7829
0.9419 2.7548
0.9772 2.7259
1.0108 2.6963
1.0429 2.6660
1.0736 2.6350
1.1031 2.6034
1.1315 2.5711
1.1588 2.5380
1.1854 2.5042
1.2112 2.4696
1.2363 2.4340
1.2609 2.3975
1.2849 2.3600
1.3086 2.3213
1.3320 2.2813
1.3552 2.2399
1.3781 2.1970
1.4010 2.1524
1.4240 2.1058
1.4470 2.0569
1.4702 2.0056
1.4937 1.9515
1.5177 1.8940
1.5422 1.8326
1.5675 1.7667
1.5937 1.6957
1.6209 1.6187
1.6491 1.5357
1.6780 1.4471
1.7069 1.3550
1.7333 1.2676
1.7574 1.1858
1.7793 1.1094
1.8005 1.0340
1.8195 0.9650
1.8378 0.8973
1.8553 0.8315
1.8721 0.7679
1.8881 0.7064
1.9035 0.6469
1.9183 0.5892
1.9326 0.5331
1.9464 0.4784
1.9599 0.4249
1.9731 0.3724
1.9860 0.3209
1.9987 0.2702
2.0112 0.2202
2.0235 0.1708
2.0357 0.1219
2.0478 0.0735
2.0599 0.0254
2.0719 -0.0223
2.0838 -0.0697
2.0958 -0.1169
2.1077 -0.1639
2.1197 -0.2108
2.1317 -0.2576
2.1438 -0.3043
2.1560 -0.3510
2.1683 -0.3977
2.1808 -0.4445
2.1933 -0.4913
2.2061 -0.5384
2.2191 -0.5855
2.2323 -0.6329
2.2458 -0.6806
2.2595 -0.7285
2.2736 -0.7768
2.2881 -0.8254
2.3030 -0.8745
2.3183 -0.9240
2.3342 -0.9739
2.3506 -1.0244
2.3677 -1.0754
2.3854 -1.1268
2.4039 -1.1785
2.4231 -1.2304
2.4431 -1.2823
2.4637 -1.3337
2.4850 -1.3842
2.5068 -1.4332
2.5288 -1.4802
2.5509 -1.5247
2.5729 -1.5663
2.5947 -1.6050
2.6163 -1.6406
2.6375 -1.6732
2.6584 -1.7030
2.6790 -1.7301
2.6993 -1.7547
2.7194 -1.7769
2.7394 -1.7968
2.7592 -1.8147
2.7789 -1.8304
2.7986 -1.8442
2.8183 -1.8561
2.8381 -1.8660
2.8579 -1.8741
2.8779 -1.8803
2.8980 -1.8846
2.9182 -1.8870
2.9386 -1.8874
2.9591 -1.8858
2.9798 -1.8822
3.0008 -1.8765
3.0219 -1.8687
3.0431 -1.8587
3.0646 -1.8465
3.0862 -1.8320
3.1080 -1.8152
3.1299 -1.7961
3.1520 -1.7746
3.1743 -1.7506
3.1967 -1.7241
3.2193 -1.6951
3.2421 -1.6634
3.2650 -1.6291
3.2882 -1.5920
3.3115 -1.5521
3.3350 -1.5095
3.3587 -1.4641
3.3823 -1.4161
3.4059 -1.3658
3.4293 -1.3135
3.4524 -1.2596
3.4750 -1.2048
3.4969 -1.1496
3.5181 -1.0944
3.5385 -1.0396
3.5582 -0.9855
3.5770 -0.9323
3.5951 -0.8802
3.6125 -0.8292
3.6292 -0.7791
3.6453 -0.7301
3.6610 -0.6821
3.6761 -0.6349
3.6909 -0.5886
3.7052 -0.5430
3.7193 -0.4980
3.7330 -0.4537
3.7465 -0.4100
3.7598 -0.3668
3.7729 -0.3240
3.7858 -0.2817
3.7986 -0.2398
3.8112 -0.1982
3.8238 -0.1569
3.8362 -0.1159
3.8486 -0.0752
3.8609 -0.0347
3.8732 0.0055
3.8855 0.0456
3.8978 0.0855
3.9100 0.1253
3.9223 0.1649
3.9347 0.2044
3.9471 0.2437
3.9595 0.2830
3.9721 0.3223
3.9848 0.3614
3.9975 0.4005
4.0104 0.4396
4.0235 0.4786
4.0367 0.5176
4.0501 0.5566
4.0637 0.5956
4.0776 0.6346
4.0917 0.6736
4.1061 0.7125
4.1207 0.7514
4.1357 0.7903
4.1511 0.8291
4.1668 0.8678
4.1830 0.9064
4.1995 0.9447
4.2165 0.9828
4.2340 1.0204
4.2519 1.0575
4.2703 1.0939
4.2890 1.1295
4.3082 1.1639
4.3277 1.1971
4.3474 1.2287
4.3673 1.2586
4.3874 1.2865
4.4074 1.3125
4.4273 1.3363
4.4472 1.3579
4.4669 1.3774
4.4864 1.3947
4.5057 1.4099
4.5249 1.4231
4.5438 1.4343
4.5626 1.4436
4.5813 1.4511
4.5999 1.4568
4.6183 1.4607
4.6367 1.4630
4.6550 1.4635
4.6733 1.4624
4.6917 1.4596
4.7100 1.4551
4.7284 1.4490
4.7468 1.4412
4.7654 1.4318
4.7840 1.4206
4.8027 1.4076
4.8216 1.3929
4.8406 1.3765
4.8597 1.3582
4.8789 1.3381
4.8982 1.3161
4.9176 1.2923
4.9371 1.2668
4.9567 1.2395
4.9763 1.2105
4.9958 1.1799
5.0152 1.1478
5.0345 1.1144
5.0537 1.0798
5.0726 1.0443
5.0912 1.0079
5.1095 0.9708
5.1275 0.9333
5.1451 0.8954
5.1623 0.8573
5.1792 0.8191
5.1957 0.7809
5.2119 0.7427
5.2277 0.7047
5.2431 0.6668
5.2583 0.6291
5.2732 0.5916
5.2878 0.5543
5.3021 0.5172
5.3162 0.4804
5.3302 0.4438
5.3439 0.4074
5.3574 0.3712
5.3708 0.3352
5.3841 0.2994
5.3972 0.2638
5.4103 0.2284
5.4232 0.1932
5.4360 0.1581
5.4488 0.1233
5.4616 0.0885
5.4743 0.0539
5.4869 0.0195
5.4996 -0.0148
5.5122 -0.0490
5.5249 -0.0830
5.5375 -0.1169
5.5502 -0.1507
5.5630 -0.1844
5.5758 -0.2180
5.5886 -0.2514
5.6016 -0.2847
5.6146 -0.3180
5.6277 -0.3511
5.6410 -0.3840
5.6544 -0.4169
5.6679 -0.4496
5.6816 -0.4822
5.6954 -0.5147
5.7094 -0.5470
5.7237 -0.5791
5.7381 -0.6110
5.7528 -0.6427
5.7678 -0.6742
5.7830 -0.7054
5.7984 -0.7363
5.8142 -0.7668
5.8303 -0.7969
5.8467 -0.8265
5.8634 -0.8555
5.8804 -0.8839
5.8978 -0.9115
5.9154 -0.9383
5.9334 -0.9641
5.9516 -0.9889
5.9700 -1.0124
5.9886 -1.0346
6.0074 -1.0553
6.0262 -1.0745
6.0451 -1.0921
6.0640 -1.1081
6.0828 -1.1223
6.1016 -1.1348
6.1203 -1.1456
6.1388 -1.1548
6.1572 -1.1622
6.1755 -1.1681
6.1937 -1.1723
6.2118 -1.1750
6.2298 -1.1762
6.2477 -1.1759
6.2655 -1.1742
6.2833 -1.1710
6.3010 -1.1663
6.3188 -1.1603
6.3365 -1.1528
6.3543 -1.1439
6.3721 -1.1336
6.3899 -1.1219
6.4077 -1.1088
6.4256 -1.0944
6.4435 -1.0785
6.4614 -1.0613
6.4793 -1.0428
6.4971 -1.0230
6.5150 -1.0020
6.5328 -0.9798
6.5505 -0.9565
6.5680 -0.9323
6.5855 -0.9070
6.6028 -0.8809
6.6199 -0.8541
6.6368 -0.8266
6.6536 -0.7985
6.6701 -0.7699
6.6863 -0.7409
6.7024 -0.7115
6.7182 -0.6818
6.7339 -0.6519
6.7492 -0.6218
6.7644 -0.5915
6.7794 -0.5612
6.7942 -0.5307
6.8088 -0.5002
6.8232 -0.4697
6.8374 -0.4392
6.8515 -0.4087
6.8655 -0.3783
6.8793 -0.3478
6.8930 -0.3174
6.9066 -0.2871
6.9201 -0.2568
6.9335 -0.2266
6.9469 -0.1965
6.9601 -0.1664
6.9733 -0.1364
6.9865 -0.1066
6.9996 -0.0768
7.0127 -0.0470
7.0258 -0.0174
7.0389 0.0121
7.0520 0.0415
7.0651 0.0708
7.0782 0.1001
7.0913 0.1292
7.1045 0.1581
7.1178 0.1870
7.1311 0.2157
7.1445 0.2443
7.1579 0.2728
7.1715 0.3011
7.1851 0.3293
7.1989 0.3573
7.2128 0.3851
7.2268 0.4127
7.2410 0.4401
7.2553 0.4673
7.2698 0.4943
7.2845 0.5210
7.2994 0.5473
7.3145 0.5734
7.3298 0.5991
7.3453 0.6244
7.3611 0.6493
7.3771 0.6737
7.3934 0.6976
7.4100 0.7209
7.4268 0.7435
7.4438 0.7654
7.4611 0.7865
7.4787 0.8067
7.4965 0.8260
7.5145 0.8443
7.5326 0.8614
7.5510 0.8773
7.5694 0.8919
7.5880 0.9053
7.6066 0.9172
7.6252 0.9277
7.6438 0.9368
7.6624 0.9444
7.6809 0.9506
7.6994 0.9554
7.7178 0.9587
7.7360 0.9606
7.7542 0.9612
7.7723 0.9604
7.7903 0.9583
7.8083 0.9548
7.8262 0.9501
7.8440 0.9442
7.8618 0.9370
7.8795 0.9286
7.8972 0.9190
7.9148 0.9082
7.9324 0.8963
7.9500 0.8833
7.9675 0.8692
7.9849 0.8540
8.0022 0.8379
8.0195 0.8208
8.0366 0.8028
8.0537 0.7839
8.0706 0.7642
8.0874 0.7438
8.1040 0.7228
8.1205 0.7011
8.1368 0.6788
8.1530 0.6560
8.1690 0.6328
8.1848 0.6092
8.2005 0.5851
8.2160 0.5608
8.2313 0.5362
8.2465 0.5114
8.2615 0.4863
8.2764 0.4610
8.2911 0.4356
8.3057 0.4101
8.3202 0.3845
8.3346 0.3588
8.3488 0.3330
8.3630 0.3071
8.3770 0.2812
8.3910 0.2553
8.4049 0.2294
8.4187 0.2034
8.4325 0.1775
8.4462 0.1516
8.4599 0.1257
8.4736 0.0999
8.4872 0.0741
8.5008 0.0484
8.5144 0.0227
8.5279 -0.0029
8.5415 -0.0285
8.5551 -0.0539
8.5688 -0.0793
8.5824 -0.1045
8.5962 -0.1297
8.6099 -0.1547
8.6237 -0.1796
8.6376 -0.2044
8.6516 -0.2290
8.6656 -0.2535
8.6798 -0.2778
8.6940 -0.3019
8.7084 -0.3258
8.7228 -0.3495
8.7375 -0.3729
8.7522 -0.3962
8.7671 -0.4191
8.7822 -0.4418
8.7975 -0.4641
8.8129 -0.4861
8.8285 -0.5077
8.8444 -0.5289
8.8604 -0.5497
8.8767 -0.5699
8.8932 -0.5897
8.9099 -0.6089
8.9269 -0.6274
8.9441 -0.6453
8.9616 -0.6624
8.9793 -0.6788
8.9972 -0.6942
9.0154 -0.7088
9.0337 -0.7223
9.0522 -0.7348
9.0709 -0.7462
9.0897 -0.7564
9.1086 -0.7654
9.1275 -0.7731
9.1465 -0.7796
9.1655 -0.7848
9.1845 -0.7886
9.2034 -0.7912
9.2223 -0.7925
9.2411 -0.7925
9.2598 -0.7913
9.2784 -0.7888
9.2969 -0.7852
9.3154 -0.7804
9.3337 -0.7744
9.3519 -0.7674
9.3700 -0.7592
9.3880 -0.7501
9.4059 -0.7400
9.4237 -0.7289
9.4414 -0.7168
9.4589 -0.7039
9.4763 -0.6902
9.4936 -0.6757
9.5108 -0.6604
9.5278 -0.6444
9.5447 -0.6278
9.5614 -0.6105
9.5780 -0.5927
9.5944 -0.5744
9.6107 -0.5556
9.6269 -0.5363
9.6428 -0.5166
9.6587 -0.4966
9.6744 -0.4762
9.6900 -0.4556
9.7054 -0.4346
9.7207 -0.4135
9.7359 -0.3921
9.7510 -0.3705
9.7659 -0.3487
9.7808 -0.3268
9.7955 -0.3048
9.8102 -0.2827
9.8248 -0.2604
9.8393 -0.2381
9.8538 -0.2158
9.8682 -0.1933
9.8825 -0.1709
9.8968 -0.1484
9.9110 -0.1259
9.9253 -0.1034
9.9395 -0.0809
9.9536 -0.0585
9.9678 -0.0361
9.9820 -0.0137
9.9962 0.0087
10.0000 0.0146
