1.0000 0.0000
1.0291 0.0620
1.0550 0.1245
1.0778 0.1882
1.0979 0.2536
1.1153 0.3208
1.1297 0.3900
1.1410 0.4612
1.1491 0.5344
1.1538 0.6093
1.1548 0.6860
1.1518 0.7640
1.1447 0.8433
1.1333 0.9233
1.1174 1.0039
1.0968 1.0847
1.0713 1.1651
1.0409 1.2447
1.0054 1.3231
0.9650 1.3996
0.9195 1.4739
0.8690 1.5452
0.8138 1.6132
0.7539 1.6771
0.6896 1.7365
0.6213 1.7909
0.5492 1.8399
0.4739 1.8829
0.3956 1.9196
0.3149 1.9497
0.2324 1.9729
0.1484 1.9891
0.0637 1.9981
-0.0213 1.9998
-0.1061 1.9943
-0.1900 1.9818
-0.2725 1.9622
-0.3533 1.9359
-0.4316 1.9031
-0.5073 1.8641
-0.5797 1.8194
-0.6487 1.7693
-0.7138 1.7142
-0.7747 1.6547
-0.8314 1.5912
-0.8835 1.5242
-0.9310 1.4543
-0.9738 1.3819
-1.0119 1.3075
-1.0453 1.2317
-1.0739 1.1547
-1.0980 1.0772
-1.1175 0.9994
-1.1327 0.9219
-1.1437 0.8448
-1.1507 0.7685
-1.1538 0.6933
-1.1534 0.6195
-1.1494 0.5472
-1.1423 0.4767
-1.1322 0.4081
-1.1192 0.3414
-1.1037 0.2769
-1.0857 0.2146
-1.0655 0.1546
-1.0433 0.0969
-1.0193 0.0415
-0.9935 -0.0116
-0.9662 -0.0623
-0.9375 -0.1107
-0.9076 -0.1568
-0.8765 -0.2006
-0.8443 -0.2421
-0.8113 -0.2814
-0.7774 -0.3186
-0.7428 -0.3536
-0.7075 -0.3865
-0.6717 -0.4174
-0.6353 -0.4463
-0.5985 -0.4732
-0.5612 -0.4982
-0.5236 -0.5213
-0.4857 -0.5426
-0.4475 -0.5621
-0.4091 -0.5799
-0.3705 -0.5959
-0.3317 -0.6103
-0.2927 -0.6229
-0.2536 -0.6339
-0.2143 -0.6433
-0.1750 -0.6511
-0.1356 -0.6573
-0.0960 -0.6620
-0.0565 -0.6650
-0.0169 -0.6665
0.0228 -0.6664
0.0624 -0.6647
0.1021 -0.6615
0.1418 -0.6567
0.1814 -0.6502
0.2211 -0.6422
0.2606 -0.6324
0.3001 -0.6211
0.3396 -0.6080
0.3789 -0.5932
0.4180 -0.5766
0.4570 -0.5582
0.4958 -0.5380
0.5344 -0.5158
0.5727 -0.4917
0.6106 -0.4657
0.6482 -0.4376
0.6852 -0.4074
0.7218 -0.3750
0.7578 -0.3405
0.7931 -0.3036
0.8276 -0.2645
0.8613 -0.2230
0.8939 -0.1791
0.9255 -0.1327
0.9558 -0.0838
0.9847 -0.0324
1.0120 0.0215
1.0376 0.0780
1.0613 0.1370
1.0829 0.1986
1.1021 0.2626
1.1189 0.3291
1.1329 0.3979
1.1439 0.4689
1.1517 0.5420
1.1560 0.6171
1.1566 0.6938
1.1534 0.7720
1.1459 0.8513
1.1341 0.9315
1.1178 1.0122
1.0967 1.0929
1.0708 1.1733
1.0399 1.2529
1.0040 1.3311
0.9630 1.4075
0.9170 1.4815
0.8661 1.5526
0.8104 1.6202
0.7501 1.6837
0.6854 1.7426
0.6167 1.7965
0.5443 1.8449
0.4686 1.8872
0.3901 1.9233
0.3092 1.9527
0.2265 1.9752
0.1425 1.9906
0.0577 1.9988
-0.0274 1.9998
-0.1120 1.9936
-0.1958 1.9803
-0.2782 1.9600
-0.3587 1.9330
-0.4368 1.8995
-0.5122 1.8600
-0.5843 1.8147
-0.6528 1.7640
-0.7175 1.7085
-0.7781 1.6486
-0.8343 1.5847
-0.8860 1.5175
-0.9331 1.4473
-0.9755 1.3747
-1.0131 1.3002
-1.0460 1.2243
-1.0742 1.1473
-1.0979 1.0698
-1.1171 0.9921
-1.1319 0.9146
-1.1425 0.8376
-1.1492 0.7615
-1.1521 0.6865
-1.1513 0.6129
-1.1471 0.5408
-1.1398 0.4705
-1.1294 0.4021
-1.1163 0.3358
-1.1006 0.2715
-1.0825 0.2095
-1.0622 0.1497
-1.0399 0.0922
-1.0158 0.0370
-0.9900 -0.0158
-0.9626 -0.0662
-0.9339 -0.1144
-0.9039 -0.1603
-0.8728 -0.2038
-0.8406 -0.2451
-0.8076 -0.2843
-0.7737 -0.3212
-0.7391 -0.3560
-0.7038 -0.3888
-0.6680 -0.4195
-0.6316 -0.4482
-0.5948 -0.4749
-0.5576 -0.4998
-0.5200 -0.5228
-0.4822 -0.5440
-0.4440 -0.5633
-0.4056 -0.5810
-0.3670 -0.5969
-0.3282 -0.6111
-0.2892 -0.6236
-0.2501 -0.6346
-0.2109 -0.6439
-0.1716 -0.6515
-0.1321 -0.6577
-0.0927 -0.6622
-0.0531 -0.6651
-0.0135 -0.6665
0.0262 -0.6663
0.0658 -0.6646
0.1055 -0.6612
0.1452 -0.6563
0.1849 -0.6497
0.2245 -0.6416
0.2641 -0.6318
0.3036 -0.6203
0.3431 -0.6071
0.3824 -0.5921
0.4216 -0.5754
0.4606 -0.5569
0.4994 -0.5365
0.5380 -0.5143
0.5763 -0.4900
0.6143 -0.4638
0.6518 -0.4356
0.6890 -0.4052
0.7256 -0.3726
0.7616 -0.3379
0.7969 -0.3009
0.8314 -0.2615
0.8650 -0.2198
0.8977 -0.1757
0.9292 -0.1291
0.9595 -0.0800
0.9883 -0.0283
1.0156 0.0259
1.0411 0.0826
1.0647 0.1419
1.0861 0.2037
1.1053 0.2681
1.1219 0.3348
1.1357 0.4039
1.1465 0.4751
1.1541 0.5485
1.1581 0.6237
1.1585 0.7007
1.1549 0.7790
1.1472 0.8585
1.1350 0.9388
1.1183 1.0196
1.0969 1.1004
1.0705 1.1808
1.0392 1.2603
1.0029 1.3385
0.9615 1.4147
0.9151 1.4885
0.8637 1.5593
0.8076 1.6265
0.7469 1.6897
0.6818 1.7482
0.6128 1.8016
0.5400 1.8494
0.4641 1.8912
0.3853 1.9266
0.3042 1.9553
0.2214 1.9772
0.1373 1.9919
0.0524 1.9994
-0.0326 1.9997
-0.1172 1.9928
-0.2009 1.9788
-0.2831 1.9579
-0.3634 1.9303
-0.4413 1.8963
-0.5163 1.8561
-0.5882 1.8103
-0.6564 1.7592
-0.7207 1.7033
-0.7809 1.6430
-0.8367 1.5789
-0.8880 1.5114
-0.9347 1.4410
-0.9767 1.3682
-1.0139 1.2936
-1.0464 1.2176
-1.0743 1.1406
-1.0976 1.0631
-1.1164 0.9855
-1.1309 0.9081
-1.1413 0.8312
-1.1476 0.7553
-1.1502 0.6804
-1.1492 0.6070
-1.1449 0.5351
-1.1373 0.4650
-1.1268 0.3969
-1.1135 0.3307
-1.0977 0.2667
-1.0795 0.2049
-1.0591 0.1453
-1.0367 0.0881
-1.0125 0.0332
-0.9866 -0.0194
-0.9593 -0.0697
-0.9305 -0.1176
-0.9005 -0.1633
-0.8694 -0.2066
-0.8372 -0.2478
-0.8042 -0.2867
-0.7703 -0.3235
-0.7357 -0.3581
-0.7005 -0.3907
-0.6646 -0.4213
-0.6283 -0.4498
-0.5915 -0.4765
-0.5543 -0.5012
-0.5168 -0.5240
-0.4789 -0.5451
-0.4408 -0.5644
-0.4024 -0.5819
-0.3638 -0.5977
-0.3251 -0.6118
-0.2861 -0.6243
-0.2470 -0.6351
-0.2078 -0.6443
-0.1685 -0.6519
-0.1291 -0.6579
-0.0896 -0.6623
-0.0501 -0.6652
-0.0105 -0.6665
0.0292 -0.6663
0.0688 -0.6644
0.1085 -0.6610
0.1482 -0.6560
0.1879 -0.6493
0.2276 -0.6411
0.2672 -0.6312
0.3067 -0.6196
0.3462 -0.6063
0.3855 -0.5913
0.4248 -0.5744
0.4638 -0.5558
0.5027 -0.5353
0.5413 -0.5129
0.5796 -0.4886
0.6176 -0.4622
0.6552 -0.4338
0.6923 -0.4033
0.7290 -0.3706
0.7650 -0.3356
0.8003 -0.2984
0.8348 -0.2589
0.8685 -0.2170
0.9011 -0.1727
0.9326 -0.1258
0.9629 -0.0765
0.9917 -0.0246
1.0189 0.0298
1.0444 0.0868
1.0679 0.1463
1.0892 0.2084
1.1083 0.2729
1.1247 0.3399
1.1384 0.4092
1.1490 0.4807
1.1564 0.5543
1.1603 0.6297
1.1604 0.7069
1.1565 0.7854
1.1485 0.8650
1.1360 0.9454
1.1190 1.0263
1.0972 1.1071
1.0705 1.1875
1.0388 1.2670
1.0021 1.3451
0.9603 1.4212
0.9135 1.4948
0.8618 1.5653
0.8053 1.6322
0.7442 1.6950
0.6788 1.7531
0.6094 1.8061
0.5364 1.8534
0.4602 1.8947
0.3813 1.9295
0.3000 1.9577
0.2170 1.9789
0.1329 1.9930
0.0480 1.9999
-0.0370 1.9996
-0.1215 1.9921
-0.2051 1.9775
-0.2872 1.9560
-0.3673 1.9278
-0.4450 1.8933
-0.5198 1.8527
-0.5913 1.8064
-0.6593 1.7549
-0.7233 1.6986
-0.7831 1.6380
-0.8386 1.5736
-0.8896 1.5058
-0.9359 1.4353
-0.9775 1.3624
-1.0144 1.2877
-1.0466 1.2116
-1.0741 1.1346
-1.0971 1.0572
-1.1156 0.9796
-1.1298 0.9023
-1.1399 0.8255
-1.1460 0.7497
-1.1484 0.6750
-1.1472 0.6018
-1.1426 0.5301
-1.1349 0.4602
-1.1243 0.3922
-1.1109 0.3263
-1.0949 0.2625
-1.0766 0.2009
-1.0562 0.1415
-1.0337 0.0845
-1.0095 0.0298
-0.9836 -0.0226
-0.9562 -0.0727
-0.9274 -0.1204
-0.8974 -0.1659
-0.8662 -0.2091
-0.8341 -0.2500
-0.8011 -0.2888
-0.7672 -0.3254
-0.7327 -0.3599
-0.6974 -0.3924
-0.6616 -0.4228
-0.6253 -0.4512
-0.5886 -0.4777
-0.5514 -0.5023
-0.5139 -0.5251
-0.4761 -0.5460
-0.4380 -0.5652
-0.3996 -0.5826
-0.3611 -0.5983
-0.3223 -0.6124
-0.2834 -0.6248
-0.2443 -0.6355
-0.2051 -0.6446
-0.1658 -0.6522
-0.1264 -0.6581
-0.0870 -0.6625
-0.0474 -0.6653
-0.0078 -0.6665
0.0318 -0.6662
0.0715 -0.6643
0.1112 -0.6608
0.1509 -0.6557
0.1906 -0.6490
0.2303 -0.6407
0.2699 -0.6307
0.3095 -0.6190
0.3490 -0.6056
0.3883 -0.5905
0.4276 -0.5736
0.4667 -0.5549
0.5055 -0.5343
0.5442 -0.5118
0.5825 -0.4873
0.6206 -0.4608
0.6582 -0.4323
0.6954 -0.4016
0.7320 -0.3688
0.7681 -0.3337
0.8034 -0.2964
0.8380 -0.2567
0.8716 -0.2146
0.9043 -0.1701
0.9358 -0.1231
0.9660 -0.0735
0.9948 -0.0215
1.0220 0.0332
1.0474 0.0904
1.0709 0.1501
1.0922 0.2124
1.1111 0.2772
1.1274 0.3444
1.1410 0.4139
1.1515 0.4856
1.1587 0.5594
1.1623 0.6350
1.1623 0.7123
1.1582 0.7910
1.1499 0.8708
1.1372 0.9513
1.1198 1.0322
1.0977 1.1131
1.0707 1.1935
1.0387 1.2730
1.0016 1.3509
0.9595 1.4269
0.9123 1.5003
0.8603 1.5707
0.8034 1.6373
0.7421 1.6998
0.6764 1.7576
0.6067 1.8101
0.5335 1.8570
0.4571 1.8978
0.3779 1.9321
0.2966 1.9598
0.2135 1.9805
0.1292 1.9940
0.0443 2.0004
-0.0406 1.9995
-0.1251 1.9914
-0.2086 1.9763
-0.2906 1.9543
-0.3705 1.9256
-0.4480 1.8906
-0.5226 1.8495
-0.5939 1.8029
-0.6615 1.7510
-0.7253 1.6944
-0.7848 1.6335
-0.8400 1.5689
-0.8906 1.5009
-0.9366 1.4302
-0.9779 1.3572
-1.0145 1.2825
-1.0464 1.2064
-1.0736 1.1294
-1.0963 1.0519
-1.1146 0.9744
-1.1286 0.8972
-1.1384 0.8206
-1.1444 0.7449
-1.1466 0.6703
-1.1452 0.5972
-1.1405 0.5257
-1.1326 0.4560
-1.1219 0.3882
-1.1084 0.3225
-1.0923 0.2589
-1.0740 0.1975
-1.0535 0.1383
-1.0310 0.0815
-1.0067 0.0269
-0.9808 -0.0253
-0.9533 -0.0752
-0.9246 -0.1228
-0.8946 -0.1680
-0.8634 -0.2111
-0.8313 -0.2519
-0.7983 -0.2905
-0.7645 -0.3270
-0.7299 -0.3614
-0.6947 -0.3937
-0.6590 -0.4240
-0.6227 -0.4523
-0.5860 -0.4787
-0.5489 -0.5033
-0.5114 -0.5259
-0.4736 -0.5468
-0.4355 -0.5659
-0.3972 -0.5832
-0.3587 -0.5989
-0.3199 -0.6128
-0.2810 -0.6251
-0.2420 -0.6358
-0.2028 -0.6449
-0.1635 -0.6524
-0.1242 -0.6583
-0.0847 -0.6626
-0.0451 -0.6653
-0.0055 -0.6665
0.0341 -0.6661
0.0738 -0.6642
0.1135 -0.6606
0.1532 -0.6555
0.1929 -0.6487
0.2326 -0.6403
0.2723 -0.6303
0.3118 -0.6186
0.3514 -0.6051
0.3908 -0.5899
0.4300 -0.5730
0.4692 -0.5542
0.5081 -0.5335
0.5468 -0.5109
0.5851 -0.4863
0.6232 -0.4597
0.6609 -0.4311
0.6981 -0.4003
0.7348 -0.3673
0.7708 -0.3321
0.8062 -0.2946
0.8408 -0.2548
0.8745 -0.2126
0.9071 -0.1679
0.9387 -0.1207
0.9689 -0.0710
0.9977 -0.0188
1.0073 0.0000
