1.0000 0.0000
1.0294 0.0627
1.0555 0.1260
1.0785 0.1905
1.0986 0.2568
1.1158 0.3249
1.1300 0.3950
1.1409 0.4671
1.1486 0.5410
1.1526 0.6168
1.1528 0.6940
1.1489 0.7726
1.1408 0.8523
1.1283 0.9326
1.1111 1.0133
1.0892 1.0940
1.0623 1.1741
1.0304 1.2532
0.9935 1.3309
0.9515 1.4065
0.9045 1.4796
0.8526 1.5495
0.7960 1.6158
0.7348 1.6779
0.6693 1.7353
0.5999 1.7875
0.5270 1.8341
0.4509 1.8746
0.3720 1.9087
0.2910 1.9362
0.2083 1.9567
0.1244 1.9701
0.0399 1.9764
-0.0447 1.9755
-0.1288 1.9675
-0.2119 1.9524
-0.2935 1.9305
-0.3730 1.9020
-0.4501 1.8671
-0.5243 1.8263
-0.5952 1.7799
-0.6625 1.7283
-0.7259 1.6720
-0.7851 1.6114
-0.8399 1.5471
-0.8902 1.4795
-0.9359 1.4091
-0.9769 1.3364
-1.0131 1.2619
-1.0447 1.1861
-1.0716 1.1094
-1.0939 1.0322
-1.1118 0.9550
-1.1254 0.8780
-1.1349 0.8016
-1.1404 0.7261
-1.1422 0.6517
-1.1404 0.5788
-1.1352 0.5074
-1.1268 0.4378
-1.1155 0.3702
-1.1015 0.3046
-1.0849 0.2411
-1.0659 0.1798
-1.0447 0.1208
-1.0215 0.0641
-0.9965 0.0098
-0.9698 -0.0423
-0.9416 -0.0919
-0.9120 -0.1392
-0.8812 -0.1842
-0.8492 -0.2269
-0.8162 -0.2674
-0.7823 -0.3056
-0.7476 -0.3416
-0.7122 -0.3754
-0.6761 -0.4072
-0.6395 -0.4368
-0.6024 -0.4644
-0.5648 -0.4901
-0.5268 -0.5137
-0.4885 -0.5355
-0.4500 -0.5554
-0.4111 -0.5735
-0.3721 -0.5897
-0.3329 -0.6042
-0.2936 -0.6170
-0.2541 -0.6280
-0.2146 -0.6374
-0.1749 -0.6451
-0.1352 -0.6512
-0.0955 -0.6556
-0.0558 -0.6584
-0.0160 -0.6595
0.0238 -0.6591
0.0635 -0.6570
0.1032 -0.6533
0.1428 -0.6480
0.1824 -0.6410
0.2219 -0.6324
0.2613 -0.6221
0.3006 -0.6101
0.3398 -0.5964
0.3788 -0.5809
0.4176 -0.5636
0.4561 -0.5444
0.4944 -0.5234
0.5325 -0.5005
0.5701 -0.4756
0.6073 -0.4486
0.6441 -0.4196
0.6804 -0.3885
0.7160 -0.3552
0.7510 -0.3197
0.7852 -0.2820
0.8185 -0.2419
0.8508 -0.1994
0.8820 -0.1546
0.9119 -0.1073
0.9405 -0.0575
0.9676 -0.0052
0.9929 0.0495
1.0164 0.1067
1.0379 0.1665
1.0571 0.2286
1.0738 0.2932
1.0879 0.3600
1.0991 0.4291
1.1072 0.5002
1.1120 0.5733
1.1133 0.6481
1.1107 0.7245
1.1042 0.8021
1.0934 0.8806
1.0783 0.9599
1.0586 1.0393
1.0341 1.1187
1.0049 1.1975
0.9707 1.2752
0.9316 1.3514
0.8876 1.4256
0.8386 1.4972
0.7849 1.5656
0.7266 1.6304
0.6639 1.6910
0.5970 1.7468
0.5263 1.7975
0.4522 1.8425
0.3751 1.8815
0.2955 1.9141
0.2137 1.9400
0.1305 1.9590
0.0462 1.9710
-0.0385 1.9757
-0.1231 1.9733
-0.2071 1.9637
-0.2899 1.9471
-0.3710 1.9236
-0.4500 1.8935
-0.5263 1.8571
-0.5995 1.8147
-0.6694 1.7667
-0.7354 1.7136
-0.7974 1.6557
-0.8550 1.5936
-0.9082 1.5277
-0.9566 1.4586
-1.0003 1.3867
-1.0392 1.3126
-1.0733 1.2368
-1.1026 1.1597
-1.1271 1.0817
-1.1470 1.0033
-1.1624 0.9250
-1.1734 0.8469
-1.1802 0.7696
-1.1831 0.6933
-1.1821 0.6183
-1.1776 0.5447
-1.1696 0.4729
-1.1586 0.4029
-1.1445 0.3350
-1.1278 0.2692
-1.1085 0.2057
-1.0869 0.1445
-1.0632 0.0856
-1.0375 0.0292
-1.0100 -0.0247
-0.9809 -0.0763
-0.9504 -0.1254
-0.9186 -0.1720
-0.8856 -0.2163
-0.8516 -0.2581
-0.8166 -0.2976
-0.7808 -0.3348
-0.7443 -0.3698
-0.7071 -0.4025
-0.6694 -0.4331
-0.6312 -0.4615
-0.5927 -0.4878
-0.5537 -0.5121
-0.5145 -0.5344
-0.4751 -0.5548
-0.4354 -0.5732
-0.3957 -0.5898
-0.3557 -0.6046
-0.3158 -0.6176
-0.2757 -0.6288
-0.2357 -0.6382
-0.1956 -0.6460
-0.1556 -0.6521
-0.1155 -0.6566
-0.0756 -0.6594
-0.0357 -0.6605
0.0041 -0.6601
0.0438 -0.6580
0.0834 -0.6544
0.1228 -0.6491
0.1622 -0.6422
0.2013 -0.6336
0.2403 -0.6235
0.2791 -0.6116
0.3177 -0.5981
0.3561 -0.5829
0.3942 -0.5659
0.4320 -0.5472
0.4695 -0.5267
0.5066 -0.5043
0.5434 -0.4800
0.5797 -0.4539
0.6155 -0.4257
0.6507 -0.3956
0.6853 -0.3634
0.7192 -0.3291
0.7524 -0.2927
0.7847 -0.2540
0.8160 -0.2131
0.8462 -0.1700
0.8752 -0.1245
0.9030 -0.0767
0.9293 -0.0265
0.9539 0.0261
0.9769 0.0811
0.9978 0.1384
1.0167 0.1981
1.0334 0.2602
1.0475 0.3245
1.0589 0.3910
1.0674 0.4595
1.0729 0.5301
1.0750 0.6024
1.0735 0.6764
1.0683 0.7518
1.0592 0.8284
1.0458 0.9058
1.0282 0.9838
1.0060 1.0620
0.9792 1.1400
0.9477 1.2173
0.9113 1.2936
0.8701 1.3683
0.8241 1.4409
0.7733 1.5109
0.7178 1.5777
0.6578 1.6409
0.5936 1.6999
0.5254 1.7542
0.4535 1.8033
0.3783 1.8468
0.3003 1.8843
0.2198 1.9153
0.1375 1.9397
0.0537 1.9572
-0.0309 1.9677
-0.1158 1.9710
-0.2005 1.9671
-0.2843 1.9560
-0.3669 1.9379
-0.4476 1.9130
-0.5259 1.8815
-0.6015 1.8436
-0.6738 1.7997
-0.7425 1.7503
-0.8074 1.6957
-0.8679 1.6363
-0.9241 1.5728
-0.9755 1.5055
-1.0222 1.4350
-1.0640 1.3618
-1.1008 1.2864
-1.1327 1.2093
-1.1597 1.1310
-1.1819 1.0519
-1.1993 0.9725
-1.2122 0.8931
-1.2206 0.8142
-1.2248 0.7361
-1.2250 0.6590
-1.2213 0.5834
-1.2141 0.5093
-1.2034 0.4371
-1.1896 0.3668
-1.1729 0.2987
-1.1534 0.2328
-1.1315 0.1694
-1.1073 0.1083
-1.0810 0.0497
-1.0528 -0.0063
-1.0229 -0.0598
-0.9914 -0.1108
-0.9586 -0.1592
-0.9246 -0.2051
-0.8894 -0.2485
-0.8533 -0.2895
-0.8164 -0.3280
-0.7787 -0.3642
-0.7404 -0.3980
-0.7016 -0.4296
-0.6623 -0.4589
-0.6226 -0.4861
-0.5826 -0.5111
-0.5424 -0.5340
-0.5020 -0.5549
-0.4614 -0.5738
-0.4207 -0.5908
-0.3800 -0.6059
-0.3393 -0.6191
-0.2985 -0.6305
-0.2579 -0.6401
-0.2173 -0.6480
-0.1767 -0.6542
-0.1363 -0.6587
-0.0960 -0.6616
-0.0559 -0.6628
-0.0160 -0.6623
0.0238 -0.6603
0.0634 -0.6566
0.1028 -0.6514
0.1420 -0.6445
0.1810 -0.6360
0.2197 -0.6260
0.2581 -0.6143
0.2962 -0.6009
0.3341 -0.5859
0.3716 -0.5693
0.4088 -0.5509
0.4456 -0.5308
0.4820 -0.5090
0.5179 -0.4853
0.5534 -0.4599
0.5883 -0.4325
0.6226 -0.4033
0.6563 -0.3721
0.6893 -0.3389
0.7215 -0.3036
0.7528 -0.2663
0.7832 -0.2269
0.8125 -0.1853
0.8407 -0.1416
0.8676 -0.0956
0.8931 -0.0473
0.9171 0.0032
0.9394 0.0560
0.9600 0.1110
0.9785 0.1684
0.9949 0.2280
1.0090 0.2898
1.0205 0.3537
1.0293 0.4197
1.0353 0.4877
1.0381 0.5575
1.0376 0.6290
1.0335 0.7021
1.0257 0.7764
1.0140 0.8518
0.9982 0.9280
0.9781 1.0047
0.9536 1.0814
0.9245 1.1579
0.8908 1.2337
0.8523 1.3084
0.8091 1.3815
0.7612 1.4524
0.7086 1.5208
0.6514 1.5860
0.5899 1.6475
0.5243 1.7049
0.4548 1.7575
0.3817 1.8050
0.3055 1.8470
0.2266 1.8829
0.1454 1.9124
0.0624 1.9354
-0.0218 1.9514
-0.1068 1.9604
-0.1919 1.9623
-0.2766 1.9569
-0.3603 1.9445
-0.4426 1.9250
-0.5229 1.8987
-0.6006 1.8658
-0.6754 1.8266
-0.7469 1.7814
-0.8146 1.7306
-0.8782 1.6746
-0.9375 1.6140
-0.9921 1.5491
-1.0419 1.4806
-1.0869 1.4088
-1.1267 1.3344
-1.1616 1.2578
-1.1913 1.1796
-1.2161 1.1002
-1.2359 1.0200
-1.2509 0.9396
-1.2613 0.8594
-1.2671 0.7797
-1.2687 0.7009
-1.2662 0.6232
-1.2599 0.5470
-1.2499 0.4726
-1.2365 0.4000
-1.2200 0.3296
-1.2005 0.2614
-1.1784 0.1955
-1.1538 0.1322
-1.1270 0.0714
-1.0982 0.0131
-1.0675 -0.0425
-1.0351 -0.0955
-1.0013 -0.1458
-0.9662 -0.1935
-0.9300 -0.2386
-0.8927 -0.2811
-0.8546 -0.3211
-0.8157 -0.3586
-0.7762 -0.3937
-0.7361 -0.4264
-0.6956 -0.4567
-0.6547 -0.4847
-0.6136 -0.5105
-0.5722 -0.5342
-0.5307 -0.5557
-0.4891 -0.5751
-0.4475 -0.5926
-0.4058 -0.6080
-0.3642 -0.6216
-0.3227 -0.6333
-0.2813 -0.6431
-0.2400 -0.6512
-0.1989 -0.6575
-0.1579 -0.6621
-0.1172 -0.6650
-0.0767 -0.6662
-0.0365 -0.6658
0.0035 -0.6638
0.0433 -0.6601
0.0827 -0.6549
0.1219 -0.6481
0.1607 -0.6397
0.1992 -0.6297
0.2374 -0.6181
0.2753 -0.6049
0.3127 -0.5901
0.3498 -0.5737
0.3865 -0.5557
0.4227 -0.5360
0.4584 -0.5146
0.4937 -0.4914
0.5284 -0.4666
0.5626 -0.4399
0.5961 -0.4115
0.6289 -0.3812
0.6610 -0.3490
0.6924 -0.3149
0.7228 -0.2788
0.7523 -0.2408
0.7808 -0.2007
0.8082 -0.1585
0.8343 -0.1142
0.8591 -0.0678
0.8824 -0.0192
0.9042 0.0315
0.9242 0.0844
0.9424 0.1394
0.9585 0.1967
0.9725 0.2560
0.9840 0.3174
0.9931 0.3809
0.9994 0.4463
1.0028 0.5136
1.0030 0.5826
1.0000 0.6532
0.9934 0.7252
0.9832 0.7983
0.9690 0.8725
0.9508 0.9473
0.9284 1.0225
0.9016 1.0977
0.8703 1.1726
0.8344 1.2468
0.7939 1.3198
0.7488 1.3912
0.6991 1.4604
0.6448 1.5270
0.5861 1.5905
0.5231 1.6503
0.4561 1.7059
0.3854 1.7569
0.3112 1.8028
0.2340 1.8432
0.1543 1.8775
0.0723 1.9056
-0.0112 1.9270
-0.0959 1.9416
-0.1812 1.9492
-0.2665 1.9497
-0.3512 1.9430
-0.4348 1.9292
-0.5168 1.9085
-0.5967 1.8809
-0.6739 1.8467
-0.7480 1.8062
-0.8186 1.7597
-0.8853 1.7077
-0.9478 1.6505
-1.0057 1.5886
-1.0589 1.5226
-1.1072 1.4529
-1.1504 1.3800
-1.1884 1.3045
-1.2213 1.2268
-1.2489 1.1475
-1.2715 1.0672
-1.2890 0.9861
-1.3016 0.9049
-1.3095 0.8239
-1.3128 0.7435
-1.3118 0.6640
-1.3067 0.5859
-1.2976 0.5093
-1.2850 0.4345
-1.2689 0.3617
-1.2497 0.2912
-1.2275 0.2230
-1.2027 0.1572
-1.1755 0.0941
-1.1461 0.0336
-1.1147 -0.0242
-1.0815 -0.0793
-1.0468 -0.1317
-1.0106 -0.1813
-0.9733 -0.2282
-0.9348 -0.2725
-0.8954 -0.3141
-0.8553 -0.3530
-0.8145 -0.3894
-0.7731 -0.4233
-0.7313 -0.4548
-0.6892 -0.4838
-0.6468 -0.5105
-0.6042 -0.5350
-0.5615 -0.5572
-0.5187 -0.5772
-0.4760 -0.5952
-0.4333 -0.6111
-0.3907 -0.6251
-0.3483 -0.6371
-0.3060 -0.6472
-0.2639 -0.6555
-0.2221 -0.6619
-0.1805 -0.6666
-0.1393 -0.6696
-0.0983 -0.6709
-0.0576 -0.6705
-0.0173 -0.6685
0.0227 -0.6649
0.0624 -0.6597
0.1016 -0.6529
0.1405 -0.6446
0.1790 -0.6346
0.2170 -0.6231
0.2547 -0.6101
0.2919 -0.5955
0.3286 -0.5793
0.3649 -0.5615
0.4006 -0.5421
0.4359 -0.5211
0.4706 -0.4984
0.5046 -0.4741
0.5381 -0.4481
0.5709 -0.4203
0.6031 -0.3909
0.6344 -0.3596
0.6649 -0.3265
0.6946 -0.2916
0.7233 -0.2547
0.7510 -0.2160
0.7776 -0.1753
0.8030 -0.1326
0.8271 -0.0879
0.8498 -0.0412
0.8679 0.0000
