0.0000 5.0000
0.0382 4.9964
0.0746 4.9861
0.1100 4.9698
0.1447 4.9477
0.1790 4.9201
0.2131 4.8869
0.2470 4.8481
0.2809 4.8040
0.3147 4.7544
0.3484 4.6995
0.3821 4.6392
0.4158 4.5737
0.4495 4.5031
0.4832 4.4273
0.5169 4.3465
0.5506 4.2608
0.5843 4.1702
0.6180 4.0750
0.6516 3.9751
0.6853 3.8706
0.7190 3.7618
0.7527 3.6488
0.7864 3.5315
0.8201 3.4103
0.8537 3.2852
0.8874 3.1564
0.9211 3.0240
0.9548 2.8882
0.9885 2.7490
1.0222 2.6068
1.0558 2.4616
1.0895 2.3136
1.1232 2.1630
1.1569 2.0100
1.1906 1.8546
1.2242 1.6972
1.2579 1.5378
1.2916 1.3767
1.3253 1.2140
1.3590 1.0499
1.3927 0.8847
1.4263 0.7184
1.4600 0.5513
1.4937 0.3836
1.5274 0.2155
1.5611 0.0471
1.5948 -0.1213
1.6284 -0.2896
1.6621 -0.4576
1.6958 -0.6250
1.7295 -0.7918
1.7632 -0.9576
1.7968 -1.1224
1.8305 -1.2858
1.8642 -1.4479
1.8979 -1.6082
1.9316 -1.7668
1.9653 -1.9233
1.9989 -2.0777
2.0326 -2.2297
2.0663 -2.3792
2.1000 -2.5260
2.1337 -2.6699
2.1674 -2.8107
2.2010 -2.9484
2.2347 -3.0828
2.2684 -3.2136
2.3021 -3.3408
2.3358 -3.4642
2.3695 -3.5837
2.4031 -3.6991
2.4368 -3.8103
2.4705 -3.9172
2.5042 -4.0197
2.5379 -4.1175
2.5715 -4.2108
2.6052 -4.2992
2.6389 -4.3827
2.6726 -4.4613
2.7063 -4.5348
2.7400 -4.6032
2.7736 -4.6663
2.8073 -4.7242
2.8410 -4.7767
2.8747 -4.8237
2.9084 -4.8653
2.9421 -4.9014
2.9757 -4.9319
3.0094 -4.9568
3.0431 -4.9761
3.0768 -4.9898
3.1105 -4.9977
3.1441 -5.0001
3.1778 -4.9967
3.2115 -4.9876
3.2452 -4.9729
3.2789 -4.9526
3.3126 -4.9266
3.3462 -4.8951
3.3799 -4.8580
3.4136 -4.8154
3.4473 -4.7673
3.4810 -4.7138
3.5147 -4.6549
3.5483 -4.5908
3.5820 -4.5215
3.6157 -4.4470
3.6494 -4.3675
3.6831 -4.2830
3.7167 -4.1937
3.7504 -4.0996
3.7841 -4.0009
3.8178 -3.8976
3.8515 -3.7899
3.8852 -3.6779
3.9188 -3.5617
3.9525 -3.4415
3.9862 -3.3173
4.0199 -3.1894
4.0536 -3.0579
4.0873 -2.9229
4.1209 -2.7846
4.1546 -2.6432
4.1883 -2.4987
4.2220 -2.3514
4.2557 -2.2015
4.2893 -2.0490
4.3230 -1.8942
4.3567 -1.7373
4.3904 -1.5784
4.4241 -1.4177
4.4578 -1.2554
4.4914 -1.0916
4.5251 -0.9267
4.5588 -0.7606
4.5925 -0.5937
4.6262 -0.4262
4.6599 -0.2581
4.6935 -0.0898
4.7272 0.0786
4.7609 0.2470
4.7946 0.4151
4.8283 0.5827
4.8619 0.7496
4.8956 0.9157
4.9293 1.0807
4.9630 1.2446
4.9967 1.4070
5.0304 1.5678
5.0640 1.7268
5.0977 1.8839
5.1314 2.0388
5.1651 2.1914
5.1988 2.3416
5.2325 2.4891
5.2661 2.6337
5.2998 2.7754
5.3335 2.9139
5.3672 3.0491
5.4009 3.1809
5.4345 3.3090
5.4682 3.4334
5.5019 3.5539
5.5356 3.6703
5.5693 3.7826
5.6030 3.8906
5.6366 3.9942
5.6703 4.0932
5.7040 4.1876
5.7377 4.2773
5.7714 4.3621
5.8051 4.4419
5.8387 4.5167
5.8724 4.5864
5.9061 4.6509
5.9398 4.7101
5.9735 4.7640
6.0071 4.8124
6.0408 4.8554
6.0745 4.8929
6.1082 4.9248
6.1419 4.9511
6.1756 4.9718
6.2092 4.9869
6.2429 4.9963
6.2766 5.0001
6.3103 4.9981
6.3440 4.9905
6.3777 4.9773
6.4113 4.9584
6.4450 4.9338
6.4787 4.9037
6.5124 4.8680
6.5461 4.8268
6.5797 4.7801
6.6134 4.7279
6.6471 4.6704
6.6808 4.6076
6.7145 4.5396
6.7482 4.4664
6.7818 4.3882
6.8155 4.3050
6.8492 4.2169
6.8829 4.1240
6.9166 4.0264
6.9503 3.9242
6.9839 3.8176
7.0176 3.7067
7.0513 3.5916
7.0850 3.4724
7.1187 3.3492
7.1523 3.2223
7.1860 3.0916
7.2197 2.9575
7.2534 2.8201
7.2871 2.6794
7.3208 2.5357
7.3544 2.3891
7.3881 2.2398
7.4218 2.0879
7.4555 1.9337
7.4892 1.7773
7.5229 1.6189
7.5565 1.4586
7.5902 1.2967
7.6239 1.1333
7.6576 0.9686
7.6913 0.8028
7.7249 0.6361
7.7586 0.4687
7.7923 0.3008
7.8260 0.1325
7.8597 -0.0359
7.8934 -0.2043
7.9270 -0.3725
7.9607 -0.5402
7.9944 -0.7074
8.0281 -0.8737
8.0618 -1.0390
8.0955 -1.2032
8.1291 -1.3659
8.1628 -1.5272
8.1965 -1.6867
8.2302 -1.8443
8.2639 -1.9998
8.2975 -2.1530
8.3312 -2.3038
8.3649 -2.4520
8.3986 -2.5973
8.4323 -2.7398
8.4660 -2.8791
8.4996 -3.0152
8.5333 -3.1478
8.5670 -3.2769
8.6007 -3.4022
8.6344 -3.5237
8.6681 -3.6412
8.7017 -3.7546
8.7354 -3.8637
8.7691 -3.9684
8.8028 -4.0686
8.8365 -4.1642
8.8701 -4.2551
8.9038 -4.3411
8.9375 -4.4222
8.9712 -4.4983
9.0049 -4.5693
9.0386 -4.6351
9.0722 -4.6957
9.1059 -4.7509
9.1396 -4.8007
9.1733 -4.8451
9.2070 -4.8840
9.2407 -4.9173
9.2743 -4.9451
9.3080 -4.9672
9.3417 -4.9837
9.3754 -4.9946
9.4091 -4.9997
9.4427 -4.9993
9.4764 -4.9931
9.5101 -4.9813
9.5438 -4.9638
9.5775 -4.9407
9.6112 -4.9119
9.6448 -4.8776
9.6785 -4.8378
9.7122 -4.7925
9.7459 -4.7417
9.7796 -4.6856
9.8133 -4.6241
9.8469 -4.5574
9.8806 -4.4855
9.9143 -4.4086
9.9480 -4.3266
9.9817 -4.2397
10.0000 -4.1904
